| kind | epoch | fold | iteration | loss |
|:--:|:--:|:--:|:--:|:--:|
| train | 0 | 0 | 99 | 1.8536217784881592 | 
| train | 0 | 0 | 199 | 1.8469930911064147 | 
| train | 0 | 0 | 299 | 1.8563844072818756 | 
| train | 0 | 0 | 399 | 1.859236658513546 | 
| train | 0 | 0 | 499 | 1.8699543769359588 | 
| train | 0 | 0 | 599 | 1.874915811419487 | 
| train | 0 | 0 | 699 | 1.8751053120408738 | 
| train | 0 | 0 | 799 | 1.8727936311066151 | 
| train | 0 | 0 | 899 | 1.8781410137812296 | 
| train | 0 | 0 | 999 | 1.8867839418649675 | 
| train | 0 | 0 | 1099 | 1.8844387111880563 | 
| train | 0 | 0 | 1199 | 1.8863539721568425 | 
| train | 0 | 0 | 1299 | 1.8883318780018734 | 
| train | 0 | 0 | 1399 | 1.8885025080612727 | 
| train | 0 | 0 | 1499 | 1.8944405621687572 | 
| train | 0 | 0 | 1599 | 1.8975744356215 | 
| train | 0 | 0 | 1699 | 1.903484284246669 | 
| train | 0 | 0 | 1799 | 1.9101257436143027 | 
| train | 0 | 0 | 1899 | 1.9119446485920957 | 
| train | 0 | 0 | 1999 | 1.9146602892279625 | 
| train | 0 | 0 | 2099 | 1.919082171462831 | 
| train | 0 | 0 | 2199 | 1.921513140743429 | 
| train | 0 | 0 | 2299 | 1.9249002145165983 | 
| train | 0 | 0 | 2399 | 1.9278809479872385 | 
| train | 0 | 0 | 2499 | 1.9333721200942993 | 
| train | 0 | 0 | 2599 | 1.9371440897538112 | 
| train | 0 | 0 | 2699 | 1.9400442454550002 | 
| train | 0 | 0 | 2799 | 1.9426923324806349 | 
| train | 0 | 0 | 2899 | 1.946081292875882 | 
| train | 0 | 0 | 2999 | 1.9492350602944692 | 
| train | 0 | 0 | 3099 | 1.9530295470453078 | 
| train | 0 | 0 | 3199 | 1.9561138536408544 | 
| train | 0 | 0 | 3299 | 1.9589018915277538 | 
| train | 0 | 0 | 3399 | 1.9618789693537881 | 
| train | 0 | 0 | 3499 | 1.9637568955762046 | 
| train | 0 | 0 | 3599 | 1.9671361510952314 | 
| train | 0 | 0 | 3699 | 1.9698464480928473 | 
| train | 0 | 0 | 3799 | 1.9719094523003227 | 
| train | 0 | 0 | 3899 | 1.9730512574391488 | 
| train | 0 | 0 | 3999 | 1.9759963334798814 | 
| train | 0 | 0 | 4099 | 1.97745955792869 | 
| train | 0 | 0 | 4199 | 1.9807971251578558 | 
| train | 0 | 0 | 4299 | 1.981971007419187 | 
| train | 0 | 0 | 4399 | 1.984137730950659 | 
| train | 0 | 0 | 4499 | 1.9859050823847453 | 
| train | 0 | 0 | 4599 | 1.9875782479151436 | 
| train | 0 | 0 | 4699 | 1.98725948904423 | 
| train | 0 | 0 | 4799 | 1.9901547381778557 | 
| train | 0 | 0 | 4899 | 1.9905348213351504 | 
| train | 0 | 0 | 4999 | 1.9911364831924439 | 
| train | 0 | 0 | 5099 | 1.9930930205653696 | 
| train | 0 | 0 | 5199 | 1.995605169557608 | 
| train | 0 | 0 | 5299 | 1.9965687366251677 | 
| train | 0 | 0 | 5399 | 1.9978233916229673 | 
| train | 0 | 0 | 5499 | 1.9996893989389593 | 
| train | 0 | 0 | 5599 | 2.0019541404076984 | 
| train | 0 | 0 | 5699 | 2.004008497355277 | 
| train | 0 | 0 | 5799 | 2.0051939716626856 | 
| train | 0 | 0 | 5899 | 2.006198844162084 | 
| train | 0 | 0 | 5999 | 2.007852255642414 | 
| train | 0 | 0 | --- | 2.0077443338596628 | 
| val | 0 | 0 | --- | 1.9856224060058594 | 
| train | 0 | 1 | 99 | 2.0708782470226286 | 
| train | 0 | 1 | 199 | 2.0745979648828508 | 
| train | 0 | 1 | 299 | 2.0714104143778482 | 
| train | 0 | 1 | 399 | 2.0730081117153167 | 
| train | 0 | 1 | 499 | 2.080081554174423 | 
| train | 0 | 1 | 599 | 2.0798070577780408 | 
| train | 0 | 1 | 699 | 2.07399225967271 | 
| train | 0 | 1 | 799 | 2.067956582158804 | 
| train | 0 | 1 | 899 | 2.067081050872803 | 
| train | 0 | 1 | 999 | 2.068072343111038 | 
| train | 0 | 1 | 1099 | 2.064187405542894 | 
| train | 0 | 1 | 1199 | 2.063598944246769 | 
| train | 0 | 1 | 1299 | 2.063824164592303 | 
| train | 0 | 1 | 1399 | 2.0612360571963446 | 
| train | 0 | 1 | 1499 | 2.0636979098320007 | 
| train | 0 | 1 | 1599 | 2.0638577348738907 | 
| train | 0 | 1 | 1699 | 2.065647524875753 | 
| train | 0 | 1 | 1799 | 2.067953578829765 | 
| train | 0 | 1 | 1899 | 2.06542697467302 | 
| train | 0 | 1 | 1999 | 2.067019908249378 | 
| train | 0 | 1 | 2099 | 2.0689492964176903 | 
| train | 0 | 1 | 2199 | 2.0709436385198075 | 
| train | 0 | 1 | 2299 | 2.0728129308120065 | 
| train | 0 | 1 | 2399 | 2.072923571219047 | 
| train | 0 | 1 | 2499 | 2.076040621757507 | 
| train | 0 | 1 | 2599 | 2.078956392178169 | 
| train | 0 | 1 | 2699 | 2.0788889393983063 | 
| train | 0 | 1 | 2799 | 2.078556903387819 | 
| train | 0 | 1 | 2899 | 2.0800784078137626 | 
| train | 0 | 1 | 2999 | 2.0815616567134856 | 
| train | 0 | 1 | 3099 | 2.0837752995567937 | 
| train | 0 | 1 | 3199 | 2.0857214987650514 | 
| train | 0 | 1 | 3299 | 2.0867490993846545 | 
| train | 0 | 1 | 3399 | 2.087700160040575 | 
| train | 0 | 1 | 3499 | 2.0878661932945253 | 
| train | 0 | 1 | 3599 | 2.0907941206627423 | 
| train | 0 | 1 | 3699 | 2.0932674290038444 | 
| train | 0 | 1 | 3799 | 2.0928490887817586 | 
| train | 0 | 1 | 3899 | 2.092117392313786 | 
| train | 0 | 1 | 3999 | 2.093474081784487 | 
| train | 0 | 1 | 4099 | 2.0937020355026896 | 
| train | 0 | 1 | 4199 | 2.0948471326771236 | 
| train | 0 | 1 | 4299 | 2.094481290273888 | 
| train | 0 | 1 | 4399 | 2.095150637247346 | 
| train | 0 | 1 | 4499 | 2.09582366877132 | 
| train | 0 | 1 | 4599 | 2.096758169713228 | 
| train | 0 | 1 | 4699 | 2.0943279384552165 | 
| train | 0 | 1 | 4799 | 2.0952843535194794 | 
| train | 0 | 1 | 4899 | 2.094566171534207 | 
| train | 0 | 1 | 4999 | 2.0940672498226167 | 
| train | 0 | 1 | 5099 | 2.0941388270901697 | 
| train | 0 | 1 | 5199 | 2.095615543493858 | 
| train | 0 | 1 | 5299 | 2.0959070890579583 | 
| train | 0 | 1 | 5399 | 2.096392520092152 | 
| train | 0 | 1 | 5499 | 2.096376842217012 | 
| train | 0 | 1 | 5599 | 2.097298330409186 | 
| train | 0 | 1 | 5699 | 2.0981710591859986 | 
| train | 0 | 1 | 5799 | 2.0983327931371227 | 
| train | 0 | 1 | 5899 | 2.098340605073056 | 
| train | 0 | 1 | 5999 | 2.098848055541515 | 
| train | 0 | 1 | --- | 2.0986966282462025 | 
| val | 0 | 1 | --- | 2.0256152153015137 | 
| train | 0 | 2 | 99 | 2.1673379373550414 | 
| train | 0 | 2 | 199 | 2.1399557584524156 | 
| train | 0 | 2 | 299 | 2.135509041150411 | 
| train | 0 | 2 | 399 | 2.13112782895565 | 
| train | 0 | 2 | 499 | 2.136470362186432 | 
| train | 0 | 2 | 599 | 2.131012157003085 | 
| train | 0 | 2 | 699 | 2.1256305978979384 | 
| train | 0 | 2 | 799 | 2.1190281283855437 | 
| train | 0 | 2 | 899 | 2.122463651365704 | 
| train | 0 | 2 | 999 | 2.124873673319817 | 
| train | 0 | 2 | 1099 | 2.1196330962397836 | 
| train | 0 | 2 | 1199 | 2.1183580791950227 | 
| train | 0 | 2 | 1299 | 2.1172767491524036 | 
| train | 0 | 2 | 1399 | 2.115587200437273 | 
| train | 0 | 2 | 1499 | 2.1195663193861645 | 
| train | 0 | 2 | 1599 | 2.119858373403549 | 
| train | 0 | 2 | 1699 | 2.1206902172284967 | 
| train | 0 | 2 | 1799 | 2.1216505668560663 | 
| train | 0 | 2 | 1899 | 2.119102509209984 | 
| train | 0 | 2 | 1999 | 2.117844134628773 | 
| train | 0 | 2 | 2099 | 2.1192623553957257 | 
| train | 0 | 2 | 2199 | 2.1197485024820675 | 
| train | 0 | 2 | 2299 | 2.119866329120553 | 
| train | 0 | 2 | 2399 | 2.1196099773049353 | 
| train | 0 | 2 | 2499 | 2.1214257560253142 | 
| train | 0 | 2 | 2599 | 2.1226124988610926 | 
| train | 0 | 2 | 2699 | 2.12291132595804 | 
| train | 0 | 2 | 2799 | 2.122738663213594 | 
| train | 0 | 2 | 2899 | 2.123374392698551 | 
| train | 0 | 2 | 2999 | 2.1221639738877616 | 
| train | 0 | 2 | 3099 | 2.1243195839082043 | 
| train | 0 | 2 | 3199 | 2.1258367332443595 | 
| train | 0 | 2 | 3299 | 2.1258934274225525 | 
| train | 0 | 2 | 3399 | 2.1261455521513435 | 
| train | 0 | 2 | 3499 | 2.1261265647411345 | 
| train | 0 | 2 | 3599 | 2.128067750831445 | 
| train | 0 | 2 | 3699 | 2.129681357274184 | 
| train | 0 | 2 | 3799 | 2.1300585960400733 | 
| train | 0 | 2 | 3899 | 2.1293545715319806 | 
| train | 0 | 2 | 3999 | 2.130321118146181 | 
| train | 0 | 2 | 4099 | 2.1306423853083354 | 
| train | 0 | 2 | 4199 | 2.1314013377257757 | 
| train | 0 | 2 | 4299 | 2.1310387030590414 | 
| train | 0 | 2 | 4399 | 2.1316442385857757 | 
| train | 0 | 2 | 4499 | 2.1318440047634972 | 
| train | 0 | 2 | 4599 | 2.1320398240244907 | 
| train | 0 | 2 | 4699 | 2.130746869939439 | 
| train | 0 | 2 | 4799 | 2.1318188520520924 | 
| train | 0 | 2 | 4899 | 2.130676498705027 | 
| train | 0 | 2 | 4999 | 2.129576835513115 | 
| train | 0 | 2 | 5099 | 2.1298410941339005 | 
| train | 0 | 2 | 5199 | 2.130532779418505 | 
| train | 0 | 2 | 5299 | 2.1300248369630777 | 
| train | 0 | 2 | 5399 | 2.129851481649611 | 
| train | 0 | 2 | 5499 | 2.130058818426999 | 
| train | 0 | 2 | 5599 | 2.1318740024949823 | 
| train | 0 | 2 | 5699 | 2.1325802109116 | 
| train | 0 | 2 | 5799 | 2.132263635438064 | 
| train | 0 | 2 | 5899 | 2.1325175846835314 | 
| train | 0 | 2 | 5999 | 2.132602009514968 | 
| train | 0 | 2 | --- | 2.1324297043109532 | 
| val | 0 | 2 | --- | 2.028069019317627 | 
| train | 0 | 3 | 99 | 2.175117141008377 | 
| train | 0 | 3 | 199 | 2.17378658592701 | 
| train | 0 | 3 | 299 | 2.1618730533123016 | 
| train | 0 | 3 | 399 | 2.1484200382232665 | 
| train | 0 | 3 | 499 | 2.150853833913803 | 
| train | 0 | 3 | 599 | 2.1427447964747746 | 
| train | 0 | 3 | 699 | 2.136148275136948 | 
| train | 0 | 3 | 799 | 2.1280469097197057 | 
| train | 0 | 3 | 899 | 2.134141992992825 | 
| train | 0 | 3 | 999 | 2.13974814760685 | 
| train | 0 | 3 | 1099 | 2.1341392010992224 | 
| train | 0 | 3 | 1199 | 2.132577035923799 | 
| train | 0 | 3 | 1299 | 2.1293460624951583 | 
| train | 0 | 3 | 1399 | 2.1284482846089774 | 
| train | 0 | 3 | 1499 | 2.132821187575658 | 
| train | 0 | 3 | 1599 | 2.1323993664234875 | 
| train | 0 | 3 | 1699 | 2.13433326847413 | 
| train | 0 | 3 | 1799 | 2.137233017947939 | 
| train | 0 | 3 | 1899 | 2.135987813660973 | 
| train | 0 | 3 | 1999 | 2.1355415551066397 | 
| train | 0 | 3 | 2099 | 2.136955567598343 | 
| train | 0 | 3 | 2199 | 2.1372334616834467 | 
| train | 0 | 3 | 2299 | 2.1362844670337178 | 
| train | 0 | 3 | 2399 | 2.1361923279861608 | 
| train | 0 | 3 | 2499 | 2.137511638498306 | 
| train | 0 | 3 | 2599 | 2.138802273456867 | 
| train | 0 | 3 | 2699 | 2.137706252468957 | 
| train | 0 | 3 | 2799 | 2.1379286203639847 | 
| train | 0 | 3 | 2899 | 2.138836893459846 | 
| train | 0 | 3 | 2999 | 2.139161095937093 | 
| train | 0 | 3 | 3099 | 2.1421773885526965 | 
| train | 0 | 3 | 3199 | 2.1433611130341887 | 
| train | 0 | 3 | 3299 | 2.143959227439129 | 
| train | 0 | 3 | 3399 | 2.144343839042327 | 
| train | 0 | 3 | 3499 | 2.1439066576617103 | 
| train | 0 | 3 | 3599 | 2.1455184007353254 | 
| train | 0 | 3 | 3699 | 2.1476238949234423 | 
| train | 0 | 3 | 3799 | 2.1472998246707413 | 
| train | 0 | 3 | 3899 | 2.1465820505374515 | 
| train | 0 | 3 | 3999 | 2.147524586468935 | 
| train | 0 | 3 | 4099 | 2.147450338602066 | 
| train | 0 | 3 | 4199 | 2.147363220765477 | 
| train | 0 | 3 | 4299 | 2.1469309851735137 | 
| train | 0 | 3 | 4399 | 2.147594657459042 | 
| train | 0 | 3 | 4499 | 2.1477805092334745 | 
| train | 0 | 3 | 4599 | 2.148554167514262 | 
| train | 0 | 3 | 4699 | 2.146749352039175 | 
| train | 0 | 3 | 4799 | 2.1474594310919444 | 
| train | 0 | 3 | 4899 | 2.1462317131003554 | 
| train | 0 | 3 | 4999 | 2.1451436975002287 | 
| train | 0 | 3 | 5099 | 2.145514141484803 | 
| train | 0 | 3 | 5199 | 2.1459811606544714 | 
| train | 0 | 3 | 5299 | 2.145147217961977 | 
| train | 0 | 3 | 5399 | 2.144822141616433 | 
| train | 0 | 3 | 5499 | 2.1453589802005073 | 
| train | 0 | 3 | 5599 | 2.146259483737605 | 
| train | 0 | 3 | 5699 | 2.146767482130151 | 
| train | 0 | 3 | 5799 | 2.146645302340902 | 
| train | 0 | 3 | 5899 | 2.1469559246402676 | 
| train | 0 | 3 | 5999 | 2.1465758408705393 | 
| train | 0 | 3 | --- | 2.1464750032547295 | 
| val | 0 | 3 | --- | 2.03125262260437 | 
| train | 0 | 4 | 99 | 2.2211898231506346 | 
| train | 0 | 4 | 199 | 2.1905445885658263 | 
| train | 0 | 4 | 299 | 2.1771832859516143 | 
| train | 0 | 4 | 399 | 2.1670904356241225 | 
| train | 0 | 4 | 499 | 2.1719898595809934 | 
| train | 0 | 4 | 599 | 2.166799578865369 | 
| train | 0 | 4 | 699 | 2.159102658544268 | 
| train | 0 | 4 | 799 | 2.15326315715909 | 
| train | 0 | 4 | 899 | 2.1544390727414027 | 
| train | 0 | 4 | 999 | 2.157413379192352 | 
| train | 0 | 4 | 1099 | 2.150859880664132 | 
| train | 0 | 4 | 1199 | 2.1473711800575255 | 
| train | 0 | 4 | 1299 | 2.144778802945064 | 
| train | 0 | 4 | 1399 | 2.1422624238899775 | 
| train | 0 | 4 | 1499 | 2.1467024946212767 | 
| train | 0 | 4 | 1599 | 2.1463945963978768 | 
| train | 0 | 4 | 1699 | 2.147871907668955 | 
| train | 0 | 4 | 1799 | 2.147516754666964 | 
| train | 0 | 4 | 1899 | 2.144435712350042 | 
| train | 0 | 4 | 1999 | 2.1440075603723527 | 
| train | 0 | 4 | 2099 | 2.1458163253466287 | 
| train | 0 | 4 | 2199 | 2.147543454170227 | 
| train | 0 | 4 | 2299 | 2.147943538116372 | 
| train | 0 | 4 | 2399 | 2.1474168392022452 | 
| train | 0 | 4 | 2499 | 2.148819749355316 | 
| train | 0 | 4 | 2599 | 2.150697329594539 | 
| train | 0 | 4 | 2699 | 2.1498183357715606 | 
| train | 0 | 4 | 2799 | 2.149791372971875 | 
| train | 0 | 4 | 2899 | 2.1499347965470674 | 
| train | 0 | 4 | 2999 | 2.1501604934533436 | 
| train | 0 | 4 | 3099 | 2.1522876219595632 | 
| train | 0 | 4 | 3199 | 2.1538846533373 | 
| train | 0 | 4 | 3299 | 2.1538717687129973 | 
| train | 0 | 4 | 3399 | 2.1540131760344785 | 
| train | 0 | 4 | 3499 | 2.153083156313215 | 
| train | 0 | 4 | 3599 | 2.15410320430994 | 
| train | 0 | 4 | 3699 | 2.1554766921417134 | 
| train | 0 | 4 | 3799 | 2.1551130098418185 | 
| train | 0 | 4 | 3899 | 2.1544727627741986 | 
| train | 0 | 4 | 3999 | 2.1552404277920725 | 
| train | 0 | 4 | 4099 | 2.155587900818848 | 
| train | 0 | 4 | 4199 | 2.156486182808876 | 
| train | 0 | 4 | 4299 | 2.155529481532962 | 
| train | 0 | 4 | 4399 | 2.155665078027682 | 
| train | 0 | 4 | 4499 | 2.1558662792841594 | 
| train | 0 | 4 | 4599 | 2.1559076928314957 | 
| train | 0 | 4 | 4699 | 2.154069907563798 | 
| train | 0 | 4 | 4799 | 2.154777306367954 | 
| train | 0 | 4 | 4899 | 2.152959155403838 | 
| train | 0 | 4 | 4999 | 2.1518195372343065 | 
| train | 0 | 4 | 5099 | 2.1524097568381064 | 
| train | 0 | 4 | 5199 | 2.1530388165666507 | 
| train | 0 | 4 | 5299 | 2.1526661306057338 | 
| train | 0 | 4 | 5399 | 2.152102544175254 | 
| train | 0 | 4 | 5499 | 2.1519118303819136 | 
| train | 0 | 4 | 5599 | 2.1528824311281953 | 
| train | 0 | 4 | 5699 | 2.1531327288192617 | 
| train | 0 | 4 | 5799 | 2.152626775790905 | 
| train | 0 | 4 | 5899 | 2.1522849504624384 | 
| train | 0 | 4 | 5999 | 2.152314780195554 | 
| train | 0 | 4 | --- | 2.152206043365935 | 
| val | 0 | 4 | --- | 2.032510757446289 | 
| train | 0 | 5 | 99 | 2.191876850128174 | 
| train | 0 | 5 | 199 | 2.1699793082475662 | 
| train | 0 | 5 | 299 | 2.172059166431427 | 
| train | 0 | 5 | 399 | 2.1769684502482414 | 
| train | 0 | 5 | 499 | 2.178686675071716 | 
| train | 0 | 5 | 599 | 2.176466163992882 | 
| train | 0 | 5 | 699 | 2.165606805086136 | 
| train | 0 | 5 | 799 | 2.159472205787897 | 
| train | 0 | 5 | 899 | 2.1613844368192883 | 
| train | 0 | 5 | 999 | 2.1634405777454377 | 
| train | 0 | 5 | 1099 | 2.158232143792239 | 
| train | 0 | 5 | 1199 | 2.1560559729735056 | 
| train | 0 | 5 | 1299 | 2.1541731850917523 | 
| train | 0 | 5 | 1399 | 2.1521924698352812 | 
| train | 0 | 5 | 1499 | 2.156091588973999 | 
| train | 0 | 5 | 1599 | 2.1566190207749605 | 
| train | 0 | 5 | 1699 | 2.1565111414123983 | 
| train | 0 | 5 | 1799 | 2.1572602815098234 | 
| train | 0 | 5 | 1899 | 2.1550838273449946 | 
| train | 0 | 5 | 1999 | 2.154027612507343 | 
| train | 0 | 5 | 2099 | 2.1555755072548277 | 
| train | 0 | 5 | 2199 | 2.1570058045062153 | 
| train | 0 | 5 | 2299 | 2.1563226453636 | 
| train | 0 | 5 | 2399 | 2.155544362713893 | 
| train | 0 | 5 | 2499 | 2.157052372598648 | 
| train | 0 | 5 | 2599 | 2.1580454679177357 | 
| train | 0 | 5 | 2699 | 2.157184959826646 | 
| train | 0 | 5 | 2799 | 2.1560794008629665 | 
| train | 0 | 5 | 2899 | 2.156283882609729 | 
| train | 0 | 5 | 2999 | 2.1562564304272334 | 
| train | 0 | 5 | 3099 | 2.1590327693570046 | 
| train | 0 | 5 | 3199 | 2.159806272573769 | 
| train | 0 | 5 | 3299 | 2.1602351437915455 | 
| train | 0 | 5 | 3399 | 2.1606032416399787 | 
| train | 0 | 5 | 3499 | 2.159574569089072 | 
| train | 0 | 5 | 3599 | 2.1609813413355083 | 
| train | 0 | 5 | 3699 | 2.1624317028393616 | 
| train | 0 | 5 | 3799 | 2.1622320043099554 | 
| train | 0 | 5 | 3899 | 2.1615308609375585 | 
| train | 0 | 5 | 3999 | 2.162515805900097 | 
| train | 0 | 5 | 4099 | 2.162812489387466 | 
| train | 0 | 5 | 4199 | 2.1636947939509437 | 
| train | 0 | 5 | 4299 | 2.1631981659212776 | 
| train | 0 | 5 | 4399 | 2.16296954466538 | 
| train | 0 | 5 | 4499 | 2.1628015689849853 | 
| train | 0 | 5 | 4599 | 2.1625949770471324 | 
| train | 0 | 5 | 4699 | 2.1610220993579703 | 
| train | 0 | 5 | 4799 | 2.161697118108471 | 
| train | 0 | 5 | 4899 | 2.160251182171763 | 
| train | 0 | 5 | 4999 | 2.158437281847 | 
| train | 0 | 5 | 5099 | 2.158671435187845 | 
| train | 0 | 5 | 5199 | 2.158979924091926 | 
| train | 0 | 5 | 5299 | 2.1583558358336394 | 
| train | 0 | 5 | 5399 | 2.158317467217092 | 
| train | 0 | 5 | 5499 | 2.158274405826222 | 
| train | 0 | 5 | 5599 | 2.158748792409897 | 
| train | 0 | 5 | 5699 | 2.159090021723195 | 
| train | 0 | 5 | 5799 | 2.158693943989688 | 
| train | 0 | 5 | 5899 | 2.1584339226504503 | 
| train | 0 | 5 | 5999 | 2.1578773127794264 | 
| train | 0 | 5 | --- | 2.157750883771467 | 
| val | 0 | 5 | --- | 2.033188581466675 | 
| train | 0 | 6 | 99 | 2.194888161420822 | 
| train | 0 | 6 | 199 | 2.1780684530735015 | 
| train | 0 | 6 | 299 | 2.1769790943463643 | 
| train | 0 | 6 | 399 | 2.177932685315609 | 
| train | 0 | 6 | 499 | 2.180329585313797 | 
| train | 0 | 6 | 599 | 2.1734894520044326 | 
| train | 0 | 6 | 699 | 2.1629392508098055 | 
| train | 0 | 6 | 799 | 2.1555949841439723 | 
| train | 0 | 6 | 899 | 2.1555109875731997 | 
| train | 0 | 6 | 999 | 2.159263295650482 | 
| train | 0 | 6 | 1099 | 2.155575434402986 | 
| train | 0 | 6 | 1199 | 2.1547088516751924 | 
| train | 0 | 6 | 1299 | 2.1564161214461692 | 
| train | 0 | 6 | 1399 | 2.1543305726562227 | 
| train | 0 | 6 | 1499 | 2.1579855776627856 | 
| train | 0 | 6 | 1599 | 2.155995060130954 | 
| train | 0 | 6 | 1699 | 2.1580431190659017 | 
| train | 0 | 6 | 1799 | 2.1597822841670777 | 
| train | 0 | 6 | 1899 | 2.1579445908571544 | 
| train | 0 | 6 | 1999 | 2.156982037961483 | 
| train | 0 | 6 | 2099 | 2.1575819035938806 | 
| train | 0 | 6 | 2199 | 2.158944513851946 | 
| train | 0 | 6 | 2299 | 2.159737835759702 | 
| train | 0 | 6 | 2399 | 2.158960524102052 | 
| train | 0 | 6 | 2499 | 2.1605344220638276 | 
| train | 0 | 6 | 2599 | 2.1609754722393477 | 
| train | 0 | 6 | 2699 | 2.1605606571833293 | 
| train | 0 | 6 | 2799 | 2.1598982712626458 | 
| train | 0 | 6 | 2899 | 2.1613344797594793 | 
| train | 0 | 6 | 2999 | 2.1605602838595708 | 
| train | 0 | 6 | 3099 | 2.162608167586788 | 
| train | 0 | 6 | 3199 | 2.163524212576449 | 
| train | 0 | 6 | 3299 | 2.16333941524679 | 
| train | 0 | 6 | 3399 | 2.163094220301684 | 
| train | 0 | 6 | 3499 | 2.162599418231419 | 
| train | 0 | 6 | 3599 | 2.164428338607152 | 
| train | 0 | 6 | 3699 | 2.1656048038199143 | 
| train | 0 | 6 | 3799 | 2.1652445713469857 | 
| train | 0 | 6 | 3899 | 2.163740455065018 | 
| train | 0 | 6 | 3999 | 2.164581594526768 | 
| train | 0 | 6 | 4099 | 2.1649317019450955 | 
| train | 0 | 6 | 4199 | 2.1656622527043026 | 
| train | 0 | 6 | 4299 | 2.1643796576455583 | 
| train | 0 | 6 | 4399 | 2.1645110898126254 | 
| train | 0 | 6 | 4499 | 2.1640729321903653 | 
| train | 0 | 6 | 4599 | 2.1640874478350516 | 
| train | 0 | 6 | 4699 | 2.16241606420659 | 
| train | 0 | 6 | 4799 | 2.1631203925857942 | 
| train | 0 | 6 | 4899 | 2.161843098718293 | 
| train | 0 | 6 | 4999 | 2.160584580421448 | 
| train | 0 | 6 | 5099 | 2.1601274487785265 | 
| train | 0 | 6 | 5199 | 2.1610070933745456 | 
| train | 0 | 6 | 5299 | 2.160059051941026 | 
| train | 0 | 6 | 5399 | 2.1602083080565486 | 
| train | 0 | 6 | 5499 | 2.1601170282363893 | 
| train | 0 | 6 | 5599 | 2.160646552826677 | 
| train | 0 | 6 | 5699 | 2.1610172047740535 | 
| train | 0 | 6 | 5799 | 2.1609043197385196 | 
| train | 0 | 6 | 5899 | 2.1606382920176297 | 
| train | 0 | 6 | 5999 | 2.1603045947949093 | 
| train | 0 | 6 | --- | 2.1601840107863275 | 
| val | 0 | 6 | --- | 2.0419795513153076 | 
| train | 0 | 7 | 99 | 2.2594911563396454 | 
| train | 0 | 7 | 199 | 2.195759590268135 | 
| train | 0 | 7 | 299 | 2.1946850999196372 | 
| train | 0 | 7 | 399 | 2.1943358793854713 | 
| train | 0 | 7 | 499 | 2.1960689301490786 | 
| train | 0 | 7 | 599 | 2.187619059284528 | 
| train | 0 | 7 | 699 | 2.1763180957521713 | 
| train | 0 | 7 | 799 | 2.1695208138227464 | 
| train | 0 | 7 | 899 | 2.169394319322374 | 
| train | 0 | 7 | 999 | 2.171706088781357 | 
| train | 0 | 7 | 1099 | 2.1672198682481594 | 
| train | 0 | 7 | 1199 | 2.1653193646669386 | 
| train | 0 | 7 | 1299 | 2.1634027126202215 | 
| train | 0 | 7 | 1399 | 2.1605512159211293 | 
| train | 0 | 7 | 1499 | 2.163636400938034 | 
| train | 0 | 7 | 1599 | 2.1624624752253294 | 
| train | 0 | 7 | 1699 | 2.1622197447804843 | 
| train | 0 | 7 | 1799 | 2.160844464302063 | 
| train | 0 | 7 | 1899 | 2.159198054828142 | 
| train | 0 | 7 | 1999 | 2.1601768758893014 | 
| train | 0 | 7 | 2099 | 2.160979492437272 | 
| train | 0 | 7 | 2199 | 2.1621252783320166 | 
| train | 0 | 7 | 2299 | 2.16251974116201 | 
| train | 0 | 7 | 2399 | 2.1619284399350485 | 
| train | 0 | 7 | 2499 | 2.1635094160079955 | 
| train | 0 | 7 | 2599 | 2.1652210173240074 | 
| train | 0 | 7 | 2699 | 2.1641967739440777 | 
| train | 0 | 7 | 2799 | 2.163206407725811 | 
| train | 0 | 7 | 2899 | 2.164483153367865 | 
| train | 0 | 7 | 2999 | 2.163189930319786 | 
| train | 0 | 7 | 3099 | 2.1653608537489366 | 
| train | 0 | 7 | 3199 | 2.166186571530998 | 
| train | 0 | 7 | 3299 | 2.166267397223097 | 
| train | 0 | 7 | 3399 | 2.166965201567201 | 
| train | 0 | 7 | 3499 | 2.166840396983283 | 
| train | 0 | 7 | 3599 | 2.1683784450425043 | 
| train | 0 | 7 | 3699 | 2.1690173944589253 | 
| train | 0 | 7 | 3799 | 2.169056988734948 | 
| train | 0 | 7 | 3899 | 2.1680520406136146 | 
| train | 0 | 7 | 3999 | 2.1694883717298508 | 
| train | 0 | 7 | 4099 | 2.169528644608288 | 
| train | 0 | 7 | 4199 | 2.17001172937098 | 
| train | 0 | 7 | 4299 | 2.169147306569787 | 
| train | 0 | 7 | 4399 | 2.169162401936271 | 
| train | 0 | 7 | 4499 | 2.168063992606269 | 
| train | 0 | 7 | 4599 | 2.16809358495733 | 
| train | 0 | 7 | 4699 | 2.1661550851071136 | 
| train | 0 | 7 | 4799 | 2.166819584170977 | 
| train | 0 | 7 | 4899 | 2.1653495081346863 | 
| train | 0 | 7 | 4999 | 2.164111395907402 | 
| train | 0 | 7 | 5099 | 2.1637870043866774 | 
| train | 0 | 7 | 5199 | 2.1646225867592372 | 
| train | 0 | 7 | 5299 | 2.1633569109889694 | 
| train | 0 | 7 | 5399 | 2.1631377561887106 | 
| train | 0 | 7 | 5499 | 2.163154705286026 | 
| train | 0 | 7 | 5599 | 2.1640491906659944 | 
| train | 0 | 7 | 5699 | 2.164126822676575 | 
| train | 0 | 7 | 5799 | 2.163478516669109 | 
| train | 0 | 7 | 5899 | 2.1630622787192717 | 
| train | 0 | 7 | 5999 | 2.1631411470572153 | 
| train | 0 | 7 | --- | 2.1630532717907394 | 
| val | 0 | 7 | --- | 2.0418546199798584 | 
| train | 0 | 8 | 99 | 2.2169326627254486 | 
| train | 0 | 8 | 199 | 2.1985321283340453 | 
| train | 0 | 8 | 299 | 2.186815005540848 | 
| train | 0 | 8 | 399 | 2.187991858124733 | 
| train | 0 | 8 | 499 | 2.186016860961914 | 
| train | 0 | 8 | 599 | 2.1791105391581853 | 
| train | 0 | 8 | 699 | 2.1719267974581036 | 
| train | 0 | 8 | 799 | 2.1676328782737255 | 
| train | 0 | 8 | 899 | 2.169365576638116 | 
| train | 0 | 8 | 999 | 2.1718650641441344 | 
| train | 0 | 8 | 1099 | 2.1656424643776635 | 
| train | 0 | 8 | 1199 | 2.16289815256993 | 
| train | 0 | 8 | 1299 | 2.1625537833800683 | 
| train | 0 | 8 | 1399 | 2.161817695413317 | 
| train | 0 | 8 | 1499 | 2.1671007571220398 | 
| train | 0 | 8 | 1599 | 2.1676260502636433 | 
| train | 0 | 8 | 1699 | 2.1670213940564325 | 
| train | 0 | 8 | 1799 | 2.1679788061645295 | 
| train | 0 | 8 | 1899 | 2.1659871033618323 | 
| train | 0 | 8 | 1999 | 2.1660905326604842 | 
| train | 0 | 8 | 2099 | 2.1666913284006575 | 
| train | 0 | 8 | 2199 | 2.166342335722663 | 
| train | 0 | 8 | 2299 | 2.1639496796027475 | 
| train | 0 | 8 | 2399 | 2.164293525268634 | 
| train | 0 | 8 | 2499 | 2.164765245294571 | 
| train | 0 | 8 | 2599 | 2.165011716530873 | 
| train | 0 | 8 | 2699 | 2.164397954278522 | 
| train | 0 | 8 | 2799 | 2.163801663645676 | 
| train | 0 | 8 | 2899 | 2.1651858162468876 | 
| train | 0 | 8 | 2999 | 2.16513490096728 | 
| train | 0 | 8 | 3099 | 2.167978784807267 | 
| train | 0 | 8 | 3199 | 2.1685666408389808 | 
| train | 0 | 8 | 3299 | 2.1687779979633564 | 
| train | 0 | 8 | 3399 | 2.1686902244301405 | 
| train | 0 | 8 | 3499 | 2.16794488801275 | 
| train | 0 | 8 | 3599 | 2.1691725713014605 | 
| train | 0 | 8 | 3699 | 2.171582984022192 | 
| train | 0 | 8 | 3799 | 2.1708544880465457 | 
| train | 0 | 8 | 3899 | 2.1696768891505704 | 
| train | 0 | 8 | 3999 | 2.170447019904852 | 
| train | 0 | 8 | 4099 | 2.1704229728477755 | 
| train | 0 | 8 | 4199 | 2.1704644657884327 | 
| train | 0 | 8 | 4299 | 2.169793518559877 | 
| train | 0 | 8 | 4399 | 2.169852110120383 | 
| train | 0 | 8 | 4499 | 2.1695755406485664 | 
| train | 0 | 8 | 4599 | 2.1687129502192786 | 
| train | 0 | 8 | 4699 | 2.166956480589319 | 
| train | 0 | 8 | 4799 | 2.167523006995519 | 
| train | 0 | 8 | 4899 | 2.1655766937440757 | 
| train | 0 | 8 | 4999 | 2.1640896429538725 | 
| train | 0 | 8 | 5099 | 2.1641468847265433 | 
| train | 0 | 8 | 5199 | 2.164698590727953 | 
| train | 0 | 8 | 5299 | 2.1640876134611524 | 
| train | 0 | 8 | 5399 | 2.1637611942158803 | 
| train | 0 | 8 | 5499 | 2.163335826223547 | 
| train | 0 | 8 | 5599 | 2.1643090824144227 | 
| train | 0 | 8 | 5699 | 2.1653104324089854 | 
| train | 0 | 8 | 5799 | 2.165368777842357 | 
| train | 0 | 8 | 5899 | 2.165430532128124 | 
| train | 0 | 8 | 5999 | 2.1653598567843435 | 
| train | 0 | 8 | --- | 2.165258774358498 | 
| val | 0 | 8 | --- | 2.0470151901245117 | 
| train | 0 | 9 | 99 | 2.218288691043854 | 
| train | 0 | 9 | 199 | 2.1861835491657255 | 
| train | 0 | 9 | 299 | 2.190279678106308 | 
| train | 0 | 9 | 399 | 2.1881026113033295 | 
| train | 0 | 9 | 499 | 2.190415633916855 | 
| train | 0 | 9 | 599 | 2.1860408264398576 | 
| train | 0 | 9 | 699 | 2.177332878793989 | 
| train | 0 | 9 | 799 | 2.1701696459949016 | 
| train | 0 | 9 | 899 | 2.169713010787964 | 
| train | 0 | 9 | 999 | 2.1731422300338745 | 
| train | 0 | 9 | 1099 | 2.1668942084095697 | 
| train | 0 | 9 | 1199 | 2.1661771403749785 | 
| train | 0 | 9 | 1299 | 2.16638348368498 | 
| train | 0 | 9 | 1399 | 2.164449809108462 | 
| train | 0 | 9 | 1499 | 2.1697074920336403 | 
| train | 0 | 9 | 1599 | 2.1702355716377495 | 
| train | 0 | 9 | 1699 | 2.1723678148494048 | 
| train | 0 | 9 | 1799 | 2.1720242718193266 | 
| train | 0 | 9 | 1899 | 2.1699082498173965 | 
| train | 0 | 9 | 1999 | 2.1681788353323936 | 
| train | 0 | 9 | 2099 | 2.169624136345727 | 
| train | 0 | 9 | 2199 | 2.170921548442407 | 
| train | 0 | 9 | 2299 | 2.169947920726693 | 
| train | 0 | 9 | 2399 | 2.1694333577156066 | 
| train | 0 | 9 | 2499 | 2.16982200756073 | 
| train | 0 | 9 | 2599 | 2.1700531569352517 | 
| train | 0 | 9 | 2699 | 2.1688783926875503 | 
| train | 0 | 9 | 2799 | 2.1683122848187173 | 
| train | 0 | 9 | 2899 | 2.169835634765954 | 
| train | 0 | 9 | 2999 | 2.1692331526676814 | 
| train | 0 | 9 | 3099 | 2.1717894109987443 | 
| train | 0 | 9 | 3199 | 2.171957062743604 | 
| train | 0 | 9 | 3299 | 2.172152186415412 | 
| train | 0 | 9 | 3399 | 2.1724552814399494 | 
| train | 0 | 9 | 3499 | 2.1721603547845567 | 
| train | 0 | 9 | 3599 | 2.173505700396167 | 
| train | 0 | 9 | 3699 | 2.1749965688022406 | 
| train | 0 | 9 | 3799 | 2.173429635167122 | 
| train | 0 | 9 | 3899 | 2.1720226266139595 | 
| train | 0 | 9 | 3999 | 2.1726736454069613 | 
| train | 0 | 9 | 4099 | 2.172742306662769 | 
| train | 0 | 9 | 4199 | 2.174107482121104 | 
| train | 0 | 9 | 4299 | 2.173153868470081 | 
| train | 0 | 9 | 4399 | 2.1726949494264343 | 
| train | 0 | 9 | 4499 | 2.1720568194389345 | 
| train | 0 | 9 | 4599 | 2.171892011269279 | 
| train | 0 | 9 | 4699 | 2.1701751679055232 | 
| train | 0 | 9 | 4799 | 2.1705556171387435 | 
| train | 0 | 9 | 4899 | 2.1689662443618385 | 
| train | 0 | 9 | 4999 | 2.16776512594223 | 
| train | 0 | 9 | 5099 | 2.1677969255400638 | 
| train | 0 | 9 | 5199 | 2.169049314581431 | 
| train | 0 | 9 | 5299 | 2.1682103608689216 | 
| train | 0 | 9 | 5399 | 2.1680061459320563 | 
| train | 0 | 9 | 5499 | 2.167872640544718 | 
| train | 0 | 9 | 5599 | 2.168232511367117 | 
| train | 0 | 9 | 5699 | 2.168524472838954 | 
| train | 0 | 9 | 5799 | 2.167913283376858 | 
| train | 0 | 9 | 5899 | 2.1676723970599094 | 
| train | 0 | 9 | 5999 | 2.1672641785144804 | 
| train | 0 | 9 | --- | 2.167123170201728 | 
| val | 0 | 9 | --- | 2.045189619064331 | 
| train | 0 | 10 | 99 | 2.242497956752777 | 
| train | 0 | 10 | 199 | 2.2088036519289016 | 
| train | 0 | 10 | 299 | 2.1948550581932067 | 
| train | 0 | 10 | 399 | 2.192819248735905 | 
| train | 0 | 10 | 499 | 2.1925733711719513 | 
| train | 0 | 10 | 599 | 2.186811335682869 | 
| train | 0 | 10 | 699 | 2.1791168100493294 | 
| train | 0 | 10 | 799 | 2.1677986063063144 | 
| train | 0 | 10 | 899 | 2.1708233025338917 | 
| train | 0 | 10 | 999 | 2.1699245253801345 | 
| train | 0 | 10 | 1099 | 2.1657312763820995 | 
| train | 0 | 10 | 1199 | 2.163847739597162 | 
| train | 0 | 10 | 1299 | 2.164385778903961 | 
| train | 0 | 10 | 1399 | 2.16370436668396 | 
| train | 0 | 10 | 1499 | 2.16803963748614 | 
| train | 0 | 10 | 1599 | 2.1695271403342486 | 
| train | 0 | 10 | 1699 | 2.1701603324974283 | 
| train | 0 | 10 | 1799 | 2.1709276149670282 | 
| train | 0 | 10 | 1899 | 2.1684775332400674 | 
| train | 0 | 10 | 1999 | 2.167690623819828 | 
| train | 0 | 10 | 2099 | 2.1699457172552745 | 
| train | 0 | 10 | 2199 | 2.170830395817757 | 
| train | 0 | 10 | 2299 | 2.1717306230379188 | 
| train | 0 | 10 | 2399 | 2.170860936443011 | 
| train | 0 | 10 | 2499 | 2.1719640542507173 | 
| train | 0 | 10 | 2599 | 2.1724790002749517 | 
| train | 0 | 10 | 2699 | 2.1709474658083034 | 
| train | 0 | 10 | 2799 | 2.17054786665099 | 
| train | 0 | 10 | 2899 | 2.171563873866509 | 
| train | 0 | 10 | 2999 | 2.1716319725910824 | 
| train | 0 | 10 | 3099 | 2.1737504557640324 | 
| train | 0 | 10 | 3199 | 2.1753560331091286 | 
| train | 0 | 10 | 3299 | 2.1747761859677053 | 
| train | 0 | 10 | 3399 | 2.1738649625637954 | 
| train | 0 | 10 | 3499 | 2.1741367439883095 | 
| train | 0 | 10 | 3599 | 2.1750041175550883 | 
| train | 0 | 10 | 3699 | 2.17631494161245 | 
| train | 0 | 10 | 3799 | 2.1761898502864336 | 
| train | 0 | 10 | 3899 | 2.175669574645849 | 
| train | 0 | 10 | 3999 | 2.176280573427677 | 
| train | 0 | 10 | 4099 | 2.1760948700730394 | 
| train | 0 | 10 | 4199 | 2.176196291475069 | 
| train | 0 | 10 | 4299 | 2.175307528861733 | 
| train | 0 | 10 | 4399 | 2.175155033442107 | 
| train | 0 | 10 | 4499 | 2.174759969446394 | 
| train | 0 | 10 | 4599 | 2.175106797814369 | 
| train | 0 | 10 | 4699 | 2.173440358664127 | 
| train | 0 | 10 | 4799 | 2.1737504763156177 | 
| train | 0 | 10 | 4899 | 2.1715998258152784 | 
| train | 0 | 10 | 4999 | 2.1710356338739394 | 
| train | 0 | 10 | 5099 | 2.1707786868600283 | 
| train | 0 | 10 | 5199 | 2.171502701617204 | 
| train | 0 | 10 | 5299 | 2.1709328796278755 | 
| train | 0 | 10 | 5399 | 2.1708420021224906 | 
| train | 0 | 10 | 5499 | 2.1705218879309567 | 
| train | 0 | 10 | 5599 | 2.170403996152537 | 
| train | 0 | 10 | 5699 | 2.1708500313340573 | 
| train | 0 | 10 | 5799 | 2.170920330614879 | 
| train | 0 | 10 | 5899 | 2.171364412469379 | 
| train | 0 | 10 | 5999 | 2.171386003792286 | 
| train | 0 | 10 | --- | 2.1712850847357097 | 
| val | 0 | 10 | --- | 2.0510454177856445 | 
