| kind | epoch | fold | iteration | loss |
|:--:|:--:|:--:|:--:|:--:|
| train | 0 | 0 | 19 | 1.8686358392238618 | 
| train | 0 | 0 | 39 | 1.8605502933263778 | 
| train | 0 | 0 | 59 | 1.8733014245827992 | 
| train | 0 | 0 | 79 | 1.8695780456066131 | 
| train | 0 | 0 | 99 | 1.8639861202239991 | 
| train | 0 | 0 | 119 | 1.8656760017077128 | 
| train | 0 | 0 | 139 | 1.8656583419867925 | 
| train | 0 | 0 | 159 | 1.8567714817821979 | 
| train | 0 | 0 | 179 | 1.8513737791114384 | 
| train | 0 | 0 | 199 | 1.8467046123743058 | 
| train | 0 | 0 | 219 | 1.847324391928586 | 
| train | 0 | 0 | 239 | 1.8514059051871299 | 
| train | 0 | 0 | 259 | 1.8504706809153924 | 
| train | 0 | 0 | 279 | 1.846495804616383 | 
| train | 0 | 0 | 299 | 1.8445050899187725 | 
| train | 0 | 0 | 319 | 1.8432769510895013 | 
| train | 0 | 0 | 339 | 1.8395649198223563 | 
| train | 0 | 0 | 359 | 1.8390461812416712 | 
| train | 0 | 0 | 379 | 1.8396619944195998 | 
| train | 0 | 0 | 399 | 1.8402775076031685 | 
| train | 0 | 0 | 419 | 1.839661248241152 | 
| train | 0 | 0 | 439 | 1.8388851894573732 | 
| train | 0 | 0 | 459 | 1.838873281945353 | 
| train | 0 | 0 | 479 | 1.8363934129476547 | 
| train | 0 | 0 | 499 | 1.8349235332012177 | 
| train | 0 | 0 | 519 | 1.8337308913469315 | 
| train | 0 | 0 | 539 | 1.835046625799603 | 
| train | 0 | 0 | 559 | 1.8343115649053028 | 
| train | 0 | 0 | 579 | 1.8337772798949274 | 
| train | 0 | 0 | 599 | 1.8336216388146083 | 
| train | 0 | 0 | 619 | 1.8347777647356833 | 
| train | 0 | 0 | 639 | 1.8361642261967064 | 
| train | 0 | 0 | 659 | 1.8361460826613687 | 
| train | 0 | 0 | 679 | 1.8374448839355917 | 
| train | 0 | 0 | 699 | 1.8358963452066694 | 
| train | 0 | 0 | 719 | 1.8358296649323569 | 
| train | 0 | 0 | 739 | 1.8352666621272629 | 
| train | 0 | 0 | 759 | 1.8358871019200276 | 
| train | 0 | 0 | 779 | 1.8379991887471614 | 
| train | 0 | 0 | 799 | 1.8387016405165195 | 
| train | 0 | 0 | 819 | 1.8381355457189605 | 
| train | 0 | 0 | 839 | 1.8374314022915703 | 
| train | 0 | 0 | 859 | 1.837118339122728 | 
| train | 0 | 0 | 879 | 1.8375871846621687 | 
| train | 0 | 0 | 899 | 1.8383406718571982 | 
| train | 0 | 0 | 919 | 1.8393380152142567 | 
| train | 0 | 0 | 939 | 1.8389639912767612 | 
| train | 0 | 0 | 959 | 1.8382378410547973 | 
| train | 0 | 0 | 979 | 1.8382882788473247 | 
| train | 0 | 0 | 999 | 1.8384885458946227 | 
| train | 0 | 0 | 1019 | 1.8388781272897534 | 
| train | 0 | 0 | 1039 | 1.8395675536531668 | 
| train | 0 | 0 | 1059 | 1.838909339679862 | 
| train | 0 | 0 | 1079 | 1.8391607335320226 | 
| train | 0 | 0 | 1099 | 1.8388029439882798 | 
| train | 0 | 0 | 1119 | 1.8389558072601047 | 
| train | 0 | 0 | 1139 | 1.8385639870375918 | 
| train | 0 | 0 | 1159 | 1.837646740572206 | 
| train | 0 | 0 | 1179 | 1.8368361179101265 | 
| train | 0 | 0 | 1199 | 1.837280655503273 | 
| train | 0 | 0 | 1219 | 1.8363049658595538 | 
| train | 0 | 0 | 1239 | 1.8360057947135742 | 
| train | 0 | 0 | 1259 | 1.8350754810704126 | 
| train | 0 | 0 | 1279 | 1.8352188198827206 | 
| train | 0 | 0 | 1299 | 1.8355057707199685 | 
| train | 0 | 0 | 1319 | 1.8352514004165477 | 
| train | 0 | 0 | 1339 | 1.8356964957358233 | 
| train | 0 | 0 | 1359 | 1.8359034944106551 | 
| train | 0 | 0 | 1379 | 1.8357496423997741 | 
| train | 0 | 0 | 1399 | 1.8359896569592613 | 
| train | 0 | 0 | 1419 | 1.8353261889706196 | 
| train | 0 | 0 | 1439 | 1.8351130517820518 | 
| train | 0 | 0 | 1459 | 1.8349451195703794 | 
| train | 0 | 0 | 1479 | 1.8350989291796813 | 
| train | 0 | 0 | 1499 | 1.835817587852478 | 
| train | 0 | 0 | --- | 1.8350854721726932 | 
| val | 0 | 0 | --- | 1.8518561124801636 | 
| train | 0 | 1 | 19 | 1.8409208595752715 | 
| train | 0 | 1 | 39 | 1.8589925557374953 | 
| train | 0 | 1 | 59 | 1.8672582705815632 | 
| train | 0 | 1 | 79 | 1.859435211122036 | 
| train | 0 | 1 | 99 | 1.8571762287616729 | 
| train | 0 | 1 | 119 | 1.8613048891226451 | 
| train | 0 | 1 | 139 | 1.861147667680468 | 
| train | 0 | 1 | 159 | 1.850984114408493 | 
| train | 0 | 1 | 179 | 1.8412238041559854 | 
| train | 0 | 1 | 199 | 1.8348242837190627 | 
| train | 0 | 1 | 219 | 1.8331039677966725 | 
| train | 0 | 1 | 239 | 1.8364294931292533 | 
| train | 0 | 1 | 259 | 1.8355241894721985 | 
| train | 0 | 1 | 279 | 1.8320679485797882 | 
| train | 0 | 1 | 299 | 1.8311337888240815 | 
| train | 0 | 1 | 319 | 1.8299419842660427 | 
| train | 0 | 1 | 339 | 1.8260800421237946 | 
| train | 0 | 1 | 359 | 1.8292568408780627 | 
| train | 0 | 1 | 379 | 1.830469449884013 | 
| train | 0 | 1 | 399 | 1.8301499319076537 | 
| train | 0 | 1 | 419 | 1.831138365041642 | 
| train | 0 | 1 | 439 | 1.8300834143703635 | 
| train | 0 | 1 | 459 | 1.829977086575135 | 
| train | 0 | 1 | 479 | 1.8296525058646997 | 
| train | 0 | 1 | 499 | 1.828750855922699 | 
| train | 0 | 1 | 519 | 1.8291068455347648 | 
| train | 0 | 1 | 539 | 1.830433941770483 | 
| train | 0 | 1 | 559 | 1.8303168107356345 | 
| train | 0 | 1 | 579 | 1.8300757009407569 | 
| train | 0 | 1 | 599 | 1.8291136773427328 | 
| train | 0 | 1 | 619 | 1.8289878278009353 | 
| train | 0 | 1 | 639 | 1.8304474690929056 | 
| train | 0 | 1 | 659 | 1.8302291245171518 | 
| train | 0 | 1 | 679 | 1.8307712710955564 | 
| train | 0 | 1 | 699 | 1.8287381410598755 | 
| train | 0 | 1 | 719 | 1.829908590681023 | 
| train | 0 | 1 | 739 | 1.8295402729833448 | 
| train | 0 | 1 | 759 | 1.8303413875793155 | 
| train | 0 | 1 | 779 | 1.8325112896087843 | 
| train | 0 | 1 | 799 | 1.833459925353527 | 
| train | 0 | 1 | 819 | 1.8332271155787678 | 
| train | 0 | 1 | 839 | 1.833097130060196 | 
| train | 0 | 1 | 859 | 1.8330026418663734 | 
| train | 0 | 1 | 879 | 1.832619904252616 | 
| train | 0 | 1 | 899 | 1.833281794389089 | 
| train | 0 | 1 | 919 | 1.8337423027857491 | 
| train | 0 | 1 | 939 | 1.83291785361919 | 
| train | 0 | 1 | 959 | 1.8333776095261176 | 
| train | 0 | 1 | 979 | 1.8331130774653688 | 
| train | 0 | 1 | 999 | 1.8335737277269364 | 
| train | 0 | 1 | 1019 | 1.8338896759584837 | 
| train | 0 | 1 | 1039 | 1.8347978230852346 | 
| train | 0 | 1 | 1059 | 1.8343454759075957 | 
| train | 0 | 1 | 1079 | 1.8343825917553018 | 
| train | 0 | 1 | 1099 | 1.833970376253128 | 
| train | 0 | 1 | 1119 | 1.8338238479835647 | 
| train | 0 | 1 | 1139 | 1.8336984195207295 | 
| train | 0 | 1 | 1159 | 1.8326293989502151 | 
| train | 0 | 1 | 1179 | 1.8321172910221553 | 
| train | 0 | 1 | 1199 | 1.8323505908250808 | 
| train | 0 | 1 | 1219 | 1.831434369575782 | 
| train | 0 | 1 | 1239 | 1.8311245444320863 | 
| train | 0 | 1 | 1259 | 1.8298757800980219 | 
| train | 0 | 1 | 1279 | 1.8299778492189944 | 
| train | 0 | 1 | 1299 | 1.8304203917429998 | 
| train | 0 | 1 | 1319 | 1.8300713283546044 | 
| train | 0 | 1 | 1339 | 1.8299405725144628 | 
| train | 0 | 1 | 1359 | 1.8300841323593084 | 
| train | 0 | 1 | 1379 | 1.829756112202354 | 
| train | 0 | 1 | 1399 | 1.8299956552471432 | 
| train | 0 | 1 | 1419 | 1.829652976989746 | 
| train | 0 | 1 | 1439 | 1.8295064169499609 | 
| train | 0 | 1 | 1459 | 1.8294210562967275 | 
| train | 0 | 1 | 1479 | 1.829150937698983 | 
| train | 0 | 1 | 1499 | 1.8293439129193625 | 
| train | 0 | 1 | --- | 1.8285661517660432 | 
| val | 0 | 1 | --- | 1.8400890827178955 | 
| train | 0 | 2 | 19 | 1.8522934913635254 | 
| train | 0 | 2 | 39 | 1.8532848060131073 | 
| train | 0 | 2 | 59 | 1.862292359272639 | 
| train | 0 | 2 | 79 | 1.8571787938475608 | 
| train | 0 | 2 | 99 | 1.8495624566078186 | 
| train | 0 | 2 | 119 | 1.8464858522017797 | 
| train | 0 | 2 | 139 | 1.8479246829237257 | 
| train | 0 | 2 | 159 | 1.8411399565637112 | 
| train | 0 | 2 | 179 | 1.8363336225350697 | 
| train | 0 | 2 | 199 | 1.8340751004219056 | 
| train | 0 | 2 | 219 | 1.830510337786241 | 
| train | 0 | 2 | 239 | 1.832256706058979 | 
| train | 0 | 2 | 259 | 1.830141115647096 | 
| train | 0 | 2 | 279 | 1.8242992464985166 | 
| train | 0 | 2 | 299 | 1.8246576738357545 | 
| train | 0 | 2 | 319 | 1.8223370205610991 | 
| train | 0 | 2 | 339 | 1.8181656332576976 | 
| train | 0 | 2 | 359 | 1.8185515380567974 | 
| train | 0 | 2 | 379 | 1.8194248773549733 | 
| train | 0 | 2 | 399 | 1.818106427192688 | 
| train | 0 | 2 | 419 | 1.8175199488798777 | 
| train | 0 | 2 | 439 | 1.8184631802818991 | 
| train | 0 | 2 | 459 | 1.819229845897011 | 
| train | 0 | 2 | 479 | 1.8184693979720274 | 
| train | 0 | 2 | 499 | 1.8184443082809447 | 
| train | 0 | 2 | 519 | 1.8189978409271974 | 
| train | 0 | 2 | 539 | 1.8190744316136396 | 
| train | 0 | 2 | 559 | 1.8193140178918839 | 
| train | 0 | 2 | 579 | 1.8191520672419976 | 
| train | 0 | 2 | 599 | 1.818607734243075 | 
| train | 0 | 2 | 619 | 1.820241734866173 | 
| train | 0 | 2 | 639 | 1.8216123308986425 | 
| train | 0 | 2 | 659 | 1.8222779326366656 | 
| train | 0 | 2 | 679 | 1.8233975729521583 | 
| train | 0 | 2 | 699 | 1.821739537205015 | 
| train | 0 | 2 | 719 | 1.822292887336678 | 
| train | 0 | 2 | 739 | 1.8222913361884452 | 
| train | 0 | 2 | 759 | 1.8226688090123628 | 
| train | 0 | 2 | 779 | 1.8248362626784886 | 
| train | 0 | 2 | 799 | 1.8252247598767282 | 
| train | 0 | 2 | 819 | 1.8239942050561673 | 
| train | 0 | 2 | 839 | 1.8235401105313074 | 
| train | 0 | 2 | 859 | 1.8226865384467812 | 
| train | 0 | 2 | 879 | 1.8234887236898596 | 
| train | 0 | 2 | 899 | 1.8233708392249213 | 
| train | 0 | 2 | 919 | 1.824171623846759 | 
| train | 0 | 2 | 939 | 1.8235510001791284 | 
| train | 0 | 2 | 959 | 1.8234652429819107 | 
| train | 0 | 2 | 979 | 1.8238330619675773 | 
| train | 0 | 2 | 999 | 1.8238897223472594 | 
| train | 0 | 2 | 1019 | 1.8236688811405033 | 
| train | 0 | 2 | 1039 | 1.8243836245857752 | 
| train | 0 | 2 | 1059 | 1.8240812701999016 | 
| train | 0 | 2 | 1079 | 1.8238305458316098 | 
| train | 0 | 2 | 1099 | 1.8231310260295868 | 
| train | 0 | 2 | 1119 | 1.8238085227353231 | 
| train | 0 | 2 | 1139 | 1.823502993897388 | 
| train | 0 | 2 | 1159 | 1.8229482725776476 | 
| train | 0 | 2 | 1179 | 1.8223977816306938 | 
| train | 0 | 2 | 1199 | 1.8227039109667142 | 
| train | 0 | 2 | 1219 | 1.8218125970637211 | 
| train | 0 | 2 | 1239 | 1.8217080921896043 | 
| train | 0 | 2 | 1259 | 1.820839080640248 | 
| train | 0 | 2 | 1279 | 1.8212511552497745 | 
| train | 0 | 2 | 1299 | 1.8213415617209214 | 
| train | 0 | 2 | 1319 | 1.8205749810645075 | 
| train | 0 | 2 | 1339 | 1.820538420552638 | 
| train | 0 | 2 | 1359 | 1.8202582542510595 | 
| train | 0 | 2 | 1379 | 1.8199814103651737 | 
| train | 0 | 2 | 1399 | 1.8200497426305497 | 
| train | 0 | 2 | 1419 | 1.8199956007406746 | 
| train | 0 | 2 | 1439 | 1.81978393909004 | 
| train | 0 | 2 | 1459 | 1.8196021834464922 | 
| train | 0 | 2 | 1479 | 1.8192578994744533 | 
| train | 0 | 2 | 1499 | 1.8193612815539042 | 
| train | 0 | 2 | --- | 1.818582403230953 | 
| val | 0 | 2 | --- | 1.8346120119094849 | 
| train | 0 | 3 | 19 | 1.8612419247627259 | 
| train | 0 | 3 | 39 | 1.8395638108253478 | 
| train | 0 | 3 | 59 | 1.8515974402427673 | 
| train | 0 | 3 | 79 | 1.8469054266810416 | 
| train | 0 | 3 | 99 | 1.8484887778759003 | 
| train | 0 | 3 | 119 | 1.8464240779479344 | 
| train | 0 | 3 | 139 | 1.8506483997617449 | 
| train | 0 | 3 | 159 | 1.841499711573124 | 
| train | 0 | 3 | 179 | 1.8356756137477026 | 
| train | 0 | 3 | 199 | 1.8314959466457368 | 
| train | 0 | 3 | 219 | 1.8292014046148821 | 
| train | 0 | 3 | 239 | 1.8294019704063733 | 
| train | 0 | 3 | 259 | 1.8265868342839755 | 
| train | 0 | 3 | 279 | 1.8207986099379403 | 
| train | 0 | 3 | 299 | 1.8209512476126353 | 
| train | 0 | 3 | 319 | 1.8195182122290134 | 
| train | 0 | 3 | 339 | 1.8150432015166562 | 
| train | 0 | 3 | 359 | 1.8146221399307252 | 
| train | 0 | 3 | 379 | 1.8156550219184473 | 
| train | 0 | 3 | 399 | 1.8141270837187766 | 
| train | 0 | 3 | 419 | 1.8130734926178342 | 
| train | 0 | 3 | 439 | 1.8148699413646352 | 
| train | 0 | 3 | 459 | 1.815860585803571 | 
| train | 0 | 3 | 479 | 1.813472248117129 | 
| train | 0 | 3 | 499 | 1.8117986414432525 | 
| train | 0 | 3 | 519 | 1.8121728367530383 | 
| train | 0 | 3 | 539 | 1.8124834601525908 | 
| train | 0 | 3 | 559 | 1.812405413389206 | 
| train | 0 | 3 | 579 | 1.8115858996736591 | 
| train | 0 | 3 | 599 | 1.8120515141884486 | 
| train | 0 | 3 | 619 | 1.8117814373585486 | 
| train | 0 | 3 | 639 | 1.8142064958810806 | 
| train | 0 | 3 | 659 | 1.8145046996347831 | 
| train | 0 | 3 | 679 | 1.81525698882692 | 
| train | 0 | 3 | 699 | 1.8136573697839464 | 
| train | 0 | 3 | 719 | 1.8132215284638935 | 
| train | 0 | 3 | 739 | 1.8130473259333018 | 
| train | 0 | 3 | 759 | 1.8136327453349765 | 
| train | 0 | 3 | 779 | 1.8160141102778606 | 
| train | 0 | 3 | 799 | 1.8163888949155806 | 
| train | 0 | 3 | 819 | 1.8166345937949855 | 
| train | 0 | 3 | 839 | 1.816695308543387 | 
| train | 0 | 3 | 859 | 1.8167147556016612 | 
| train | 0 | 3 | 879 | 1.8167000674388625 | 
| train | 0 | 3 | 899 | 1.8177892333931394 | 
| train | 0 | 3 | 919 | 1.8190113793248717 | 
| train | 0 | 3 | 939 | 1.8179045239661602 | 
| train | 0 | 3 | 959 | 1.818187778815627 | 
| train | 0 | 3 | 979 | 1.8183740533128077 | 
| train | 0 | 3 | 999 | 1.818727508187294 | 
| train | 0 | 3 | 1019 | 1.819273245568369 | 
| train | 0 | 3 | 1039 | 1.8200158511216824 | 
| train | 0 | 3 | 1059 | 1.8194705437939123 | 
| train | 0 | 3 | 1079 | 1.8197781214007624 | 
| train | 0 | 3 | 1099 | 1.8193782861666246 | 
| train | 0 | 3 | 1119 | 1.8196064715938909 | 
| train | 0 | 3 | 1139 | 1.8191721290872809 | 
| train | 0 | 3 | 1159 | 1.8186572912438161 | 
| train | 0 | 3 | 1179 | 1.8183313675856185 | 
| train | 0 | 3 | 1199 | 1.8189820232987404 | 
| train | 0 | 3 | 1219 | 1.8180036521348797 | 
| train | 0 | 3 | 1239 | 1.8172442710207355 | 
| train | 0 | 3 | 1259 | 1.8166383175622849 | 
| train | 0 | 3 | 1279 | 1.8168601099401713 | 
| train | 0 | 3 | 1299 | 1.8168050904457387 | 
| train | 0 | 3 | 1319 | 1.8166218344009284 | 
| train | 0 | 3 | 1339 | 1.8163181123448842 | 
| train | 0 | 3 | 1359 | 1.8165568330708672 | 
| train | 0 | 3 | 1379 | 1.816142600774765 | 
| train | 0 | 3 | 1399 | 1.8164315500429697 | 
| train | 0 | 3 | 1419 | 1.815951258699659 | 
| train | 0 | 3 | 1439 | 1.815644311822123 | 
| train | 0 | 3 | 1459 | 1.8154337084456666 | 
| train | 0 | 3 | 1479 | 1.8151482586119625 | 
| train | 0 | 3 | 1499 | 1.8156056057612102 | 
| train | 0 | 3 | --- | 1.8148050394795245 | 
| val | 0 | 3 | --- | 1.841721773147583 | 
| train | 0 | 4 | 19 | 1.8602146089076996 | 
| train | 0 | 4 | 39 | 1.846218976378441 | 
| train | 0 | 4 | 59 | 1.8485141257445017 | 
| train | 0 | 4 | 79 | 1.8398429140448571 | 
| train | 0 | 4 | 99 | 1.8390155196189881 | 
| train | 0 | 4 | 119 | 1.8427075415849685 | 
| train | 0 | 4 | 139 | 1.843861253772463 | 
| train | 0 | 4 | 159 | 1.8316752083599568 | 
| train | 0 | 4 | 179 | 1.8255993518564435 | 
| train | 0 | 4 | 199 | 1.8202022391557693 | 
| train | 0 | 4 | 219 | 1.8186852931976318 | 
| train | 0 | 4 | 239 | 1.8198065598805746 | 
| train | 0 | 4 | 259 | 1.8186233254579398 | 
| train | 0 | 4 | 279 | 1.813808490548815 | 
| train | 0 | 4 | 299 | 1.8131474796930949 | 
| train | 0 | 4 | 319 | 1.8126702517271043 | 
| train | 0 | 4 | 339 | 1.8069155331920175 | 
| train | 0 | 4 | 359 | 1.8073639574978086 | 
| train | 0 | 4 | 379 | 1.8089416422342 | 
| train | 0 | 4 | 399 | 1.8077683913707734 | 
| train | 0 | 4 | 419 | 1.8082578948565893 | 
| train | 0 | 4 | 439 | 1.8096320859410546 | 
| train | 0 | 4 | 459 | 1.8105260478413623 | 
| train | 0 | 4 | 479 | 1.8102107626696429 | 
| train | 0 | 4 | 499 | 1.809793734550476 | 
| train | 0 | 4 | 519 | 1.809984966654044 | 
| train | 0 | 4 | 539 | 1.811068590482076 | 
| train | 0 | 4 | 559 | 1.8109305967177665 | 
| train | 0 | 4 | 579 | 1.8105352531219352 | 
| train | 0 | 4 | 599 | 1.8107593836387 | 
| train | 0 | 4 | 619 | 1.8113470440910708 | 
| train | 0 | 4 | 639 | 1.8139256019145251 | 
| train | 0 | 4 | 659 | 1.8144388796705189 | 
| train | 0 | 4 | 679 | 1.8149381513104719 | 
| train | 0 | 4 | 699 | 1.8137403219086783 | 
| train | 0 | 4 | 719 | 1.8133256822824477 | 
| train | 0 | 4 | 739 | 1.8127592636121286 | 
| train | 0 | 4 | 759 | 1.8122768791098343 | 
| train | 0 | 4 | 779 | 1.8140270844483988 | 
| train | 0 | 4 | 799 | 1.8156562612950802 | 
| train | 0 | 4 | 819 | 1.8154576920881504 | 
| train | 0 | 4 | 839 | 1.8149566507055646 | 
| train | 0 | 4 | 859 | 1.8148358406022538 | 
| train | 0 | 4 | 879 | 1.8146835161881014 | 
| train | 0 | 4 | 899 | 1.8151966698964437 | 
| train | 0 | 4 | 919 | 1.8166626773450685 | 
| train | 0 | 4 | 939 | 1.81558249123553 | 
| train | 0 | 4 | 959 | 1.8162190181513627 | 
| train | 0 | 4 | 979 | 1.8158507230330487 | 
| train | 0 | 4 | 999 | 1.81627230989933 | 
| train | 0 | 4 | 1019 | 1.8164198818160038 | 
| train | 0 | 4 | 1039 | 1.8169077584376703 | 
| train | 0 | 4 | 1059 | 1.8163181129491555 | 
| train | 0 | 4 | 1079 | 1.8157845884561539 | 
| train | 0 | 4 | 1099 | 1.8157735263217578 | 
| train | 0 | 4 | 1119 | 1.8155467404850891 | 
| train | 0 | 4 | 1139 | 1.8153194980663165 | 
| train | 0 | 4 | 1159 | 1.8150696870581857 | 
| train | 0 | 4 | 1179 | 1.8143337449785006 | 
| train | 0 | 4 | 1199 | 1.8146980286637941 | 
| train | 0 | 4 | 1219 | 1.8138125293567533 | 
| train | 0 | 4 | 1239 | 1.8130901927909544 | 
| train | 0 | 4 | 1259 | 1.812119442981387 | 
| train | 0 | 4 | 1279 | 1.8122224885970355 | 
| train | 0 | 4 | 1299 | 1.8123739413114694 | 
| train | 0 | 4 | 1319 | 1.8116405966607008 | 
| train | 0 | 4 | 1339 | 1.8115477693614674 | 
| train | 0 | 4 | 1359 | 1.8116315690033575 | 
| train | 0 | 4 | 1379 | 1.8111351734486179 | 
| train | 0 | 4 | 1399 | 1.8112902220657894 | 
| train | 0 | 4 | 1419 | 1.811042361863902 | 
| train | 0 | 4 | 1439 | 1.8111532080504629 | 
| train | 0 | 4 | 1459 | 1.8104108689582512 | 
| train | 0 | 4 | 1479 | 1.81060097845825 | 
| train | 0 | 4 | 1499 | 1.810820909420649 | 
| train | 0 | 4 | --- | 1.8102046837018857 | 
| val | 0 | 4 | --- | 1.8331234455108643 | 
| train | 0 | 5 | 19 | 1.7972869396209716 | 
| train | 0 | 5 | 39 | 1.8234436810016632 | 
| train | 0 | 5 | 59 | 1.8320966641108194 | 
| train | 0 | 5 | 79 | 1.8244456827640534 | 
| train | 0 | 5 | 99 | 1.820114277601242 | 
| train | 0 | 5 | 119 | 1.8299875289201737 | 
| train | 0 | 5 | 139 | 1.8331568828650884 | 
| train | 0 | 5 | 159 | 1.8197257697582245 | 
| train | 0 | 5 | 179 | 1.8138156871000926 | 
| train | 0 | 5 | 199 | 1.8109309494495391 | 
| train | 0 | 5 | 219 | 1.8081740059635856 | 
| train | 0 | 5 | 239 | 1.8092536802093189 | 
| train | 0 | 5 | 259 | 1.8071949174770943 | 
| train | 0 | 5 | 279 | 1.8036005641732897 | 
| train | 0 | 5 | 299 | 1.8030245010058086 | 
| train | 0 | 5 | 319 | 1.8022687256336212 | 
| train | 0 | 5 | 339 | 1.7994946255403406 | 
| train | 0 | 5 | 359 | 1.800945939951473 | 
| train | 0 | 5 | 379 | 1.8008241044847588 | 
| train | 0 | 5 | 399 | 1.7996950647234917 | 
| train | 0 | 5 | 419 | 1.7980934974693117 | 
| train | 0 | 5 | 439 | 1.7982271541248669 | 
| train | 0 | 5 | 459 | 1.7986069627430128 | 
| train | 0 | 5 | 479 | 1.797268429150184 | 
| train | 0 | 5 | 499 | 1.797128807783127 | 
| train | 0 | 5 | 519 | 1.7981801876654993 | 
| train | 0 | 5 | 539 | 1.7998979219683895 | 
| train | 0 | 5 | 559 | 1.7995174716625895 | 
| train | 0 | 5 | 579 | 1.7993734873574356 | 
| train | 0 | 5 | 599 | 1.7988628697395326 | 
| train | 0 | 5 | 619 | 1.7998426421996085 | 
| train | 0 | 5 | 639 | 1.8015984680503607 | 
| train | 0 | 5 | 659 | 1.8019611403797613 | 
| train | 0 | 5 | 679 | 1.8033215629703858 | 
| train | 0 | 5 | 699 | 1.8019178535257068 | 
| train | 0 | 5 | 719 | 1.8019220698210927 | 
| train | 0 | 5 | 739 | 1.8010910647946434 | 
| train | 0 | 5 | 759 | 1.8012781721980948 | 
| train | 0 | 5 | 779 | 1.803720518717399 | 
| train | 0 | 5 | 799 | 1.8047135512530803 | 
| train | 0 | 5 | 819 | 1.805241439836781 | 
| train | 0 | 5 | 839 | 1.8049353676182882 | 
| train | 0 | 5 | 859 | 1.8049029420974643 | 
| train | 0 | 5 | 879 | 1.8055382175879044 | 
| train | 0 | 5 | 899 | 1.8059099980195363 | 
| train | 0 | 5 | 919 | 1.8069824834232744 | 
| train | 0 | 5 | 939 | 1.8060226771425694 | 
| train | 0 | 5 | 959 | 1.8065526003638903 | 
| train | 0 | 5 | 979 | 1.8061621552827407 | 
| train | 0 | 5 | 999 | 1.8068715829849242 | 
| train | 0 | 5 | 1019 | 1.8071542197582768 | 
| train | 0 | 5 | 1039 | 1.8075395707900708 | 
| train | 0 | 5 | 1059 | 1.807248942694574 | 
| train | 0 | 5 | 1079 | 1.8074267409465932 | 
| train | 0 | 5 | 1099 | 1.8070472289215436 | 
| train | 0 | 5 | 1119 | 1.807045406316008 | 
| train | 0 | 5 | 1139 | 1.8068345196414413 | 
| train | 0 | 5 | 1159 | 1.806426825502823 | 
| train | 0 | 5 | 1179 | 1.8055453739934049 | 
| train | 0 | 5 | 1199 | 1.8056972576181094 | 
| train | 0 | 5 | 1219 | 1.8046547178362236 | 
| train | 0 | 5 | 1239 | 1.8044688411297336 | 
| train | 0 | 5 | 1259 | 1.803403958063277 | 
| train | 0 | 5 | 1279 | 1.8031067437492312 | 
| train | 0 | 5 | 1299 | 1.8032669174671172 | 
| train | 0 | 5 | 1319 | 1.8026108291113014 | 
| train | 0 | 5 | 1339 | 1.8025948699730545 | 
| train | 0 | 5 | 1359 | 1.8026167433928042 | 
| train | 0 | 5 | 1379 | 1.8024723179962323 | 
| train | 0 | 5 | 1399 | 1.8031097818272455 | 
| train | 0 | 5 | 1419 | 1.8029219341110176 | 
| train | 0 | 5 | 1439 | 1.8028234031465318 | 
| train | 0 | 5 | 1459 | 1.8025514418131685 | 
| train | 0 | 5 | 1479 | 1.8025229040835355 | 
| train | 0 | 5 | 1499 | 1.8025162008603415 | 
| train | 0 | 5 | --- | 1.8017509041191497 | 
| val | 0 | 5 | --- | 1.8353782892227173 | 
| train | 0 | 6 | 19 | 1.8243383824825288 | 
| train | 0 | 6 | 39 | 1.8226065903902053 | 
| train | 0 | 6 | 59 | 1.838885925213496 | 
| train | 0 | 6 | 79 | 1.8313394218683243 | 
| train | 0 | 6 | 99 | 1.8243133008480072 | 
| train | 0 | 6 | 119 | 1.8267731527487436 | 
| train | 0 | 6 | 139 | 1.8283391603401729 | 
| train | 0 | 6 | 159 | 1.818397019803524 | 
| train | 0 | 6 | 179 | 1.811129061381022 | 
| train | 0 | 6 | 199 | 1.8069131994247436 | 
| train | 0 | 6 | 219 | 1.805013514106924 | 
| train | 0 | 6 | 239 | 1.807884871462981 | 
| train | 0 | 6 | 259 | 1.8048551632807806 | 
| train | 0 | 6 | 279 | 1.8022348535912378 | 
| train | 0 | 6 | 299 | 1.8033949438730876 | 
| train | 0 | 6 | 319 | 1.8008080378174782 | 
| train | 0 | 6 | 339 | 1.7962350494721357 | 
| train | 0 | 6 | 359 | 1.7961343235439724 | 
| train | 0 | 6 | 379 | 1.797511761439474 | 
| train | 0 | 6 | 399 | 1.7956641253829002 | 
| train | 0 | 6 | 419 | 1.7956115279878888 | 
| train | 0 | 6 | 439 | 1.7962908788160845 | 
| train | 0 | 6 | 459 | 1.7965433281400929 | 
| train | 0 | 6 | 479 | 1.7947033032774926 | 
| train | 0 | 6 | 499 | 1.793653557062149 | 
| train | 0 | 6 | 519 | 1.794040868144769 | 
| train | 0 | 6 | 539 | 1.7954692635271283 | 
| train | 0 | 6 | 559 | 1.795268179476261 | 
| train | 0 | 6 | 579 | 1.7944941565908235 | 
| train | 0 | 6 | 599 | 1.7955880989631017 | 
| train | 0 | 6 | 619 | 1.797096586035144 | 
| train | 0 | 6 | 639 | 1.8005994778126477 | 
| train | 0 | 6 | 659 | 1.8011203675559073 | 
| train | 0 | 6 | 679 | 1.801157457162352 | 
| train | 0 | 6 | 699 | 1.7998685468946185 | 
| train | 0 | 6 | 719 | 1.8005476534366607 | 
| train | 0 | 6 | 739 | 1.8003844526973931 | 
| train | 0 | 6 | 759 | 1.8007329120447761 | 
| train | 0 | 6 | 779 | 1.8025298040646773 | 
| train | 0 | 6 | 799 | 1.8027548296749591 | 
| train | 0 | 6 | 819 | 1.8030329997946577 | 
| train | 0 | 6 | 839 | 1.8030147277173543 | 
| train | 0 | 6 | 859 | 1.8033271401427513 | 
| train | 0 | 6 | 879 | 1.8037135250189087 | 
| train | 0 | 6 | 899 | 1.8039450257354313 | 
| train | 0 | 6 | 919 | 1.8055519506983135 | 
| train | 0 | 6 | 939 | 1.8048927236110606 | 
| train | 0 | 6 | 959 | 1.8053493595371644 | 
| train | 0 | 6 | 979 | 1.8051679552817832 | 
| train | 0 | 6 | 999 | 1.805546726822853 | 
| train | 0 | 6 | 1019 | 1.805964320196825 | 
| train | 0 | 6 | 1039 | 1.8068596539589075 | 
| train | 0 | 6 | 1059 | 1.8064111892907124 | 
| train | 0 | 6 | 1079 | 1.8066068314843708 | 
| train | 0 | 6 | 1099 | 1.805559083440087 | 
| train | 0 | 6 | 1119 | 1.8059001459607056 | 
| train | 0 | 6 | 1139 | 1.8057633826607151 | 
| train | 0 | 6 | 1159 | 1.8050231557467888 | 
| train | 0 | 6 | 1179 | 1.804617816209793 | 
| train | 0 | 6 | 1199 | 1.8053831964731217 | 
| train | 0 | 6 | 1219 | 1.8043429982466777 | 
| train | 0 | 6 | 1239 | 1.8039306074380874 | 
| train | 0 | 6 | 1259 | 1.8030852225091722 | 
| train | 0 | 6 | 1279 | 1.8031839153729379 | 
| train | 0 | 6 | 1299 | 1.8035997571394993 | 
| train | 0 | 6 | 1319 | 1.8027157054706053 | 
| train | 0 | 6 | 1339 | 1.8028125193581652 | 
| train | 0 | 6 | 1359 | 1.802597475665457 | 
| train | 0 | 6 | 1379 | 1.8023424233215442 | 
| train | 0 | 6 | 1399 | 1.8029965766838618 | 
| train | 0 | 6 | 1419 | 1.802697971757029 | 
| train | 0 | 6 | 1439 | 1.8023980890711149 | 
| train | 0 | 6 | 1459 | 1.8023741044410289 | 
| train | 0 | 6 | 1479 | 1.802101750712137 | 
| train | 0 | 6 | 1499 | 1.8018967000643413 | 
| train | 0 | 6 | --- | 1.8011461262064405 | 
| val | 0 | 6 | --- | 1.834713101387024 | 
| train | 0 | 7 | 19 | 1.8351038992404938 | 
| train | 0 | 7 | 39 | 1.8297867715358733 | 
| train | 0 | 7 | 59 | 1.843610026439031 | 
| train | 0 | 7 | 79 | 1.8362456575036048 | 
| train | 0 | 7 | 99 | 1.8229694485664367 | 
| train | 0 | 7 | 119 | 1.8235299835602443 | 
| train | 0 | 7 | 139 | 1.8235469852175032 | 
| train | 0 | 7 | 159 | 1.8132556274533271 | 
| train | 0 | 7 | 179 | 1.8065486874845293 | 
| train | 0 | 7 | 199 | 1.8048086655139923 | 
| train | 0 | 7 | 219 | 1.8028644090349024 | 
| train | 0 | 7 | 239 | 1.8039340496063232 | 
| train | 0 | 7 | 259 | 1.8001112708678613 | 
| train | 0 | 7 | 279 | 1.7950510791369847 | 
| train | 0 | 7 | 299 | 1.7939135936896007 | 
| train | 0 | 7 | 319 | 1.7940169129520656 | 
| train | 0 | 7 | 339 | 1.7904662009547738 | 
| train | 0 | 7 | 359 | 1.7926553944746653 | 
| train | 0 | 7 | 379 | 1.7923039828476153 | 
| train | 0 | 7 | 399 | 1.7904905027151108 | 
| train | 0 | 7 | 419 | 1.7896042173817044 | 
| train | 0 | 7 | 439 | 1.7912055711854589 | 
| train | 0 | 7 | 459 | 1.7919625352258268 | 
| train | 0 | 7 | 479 | 1.7907187357544898 | 
| train | 0 | 7 | 499 | 1.7906167800426482 | 
| train | 0 | 7 | 519 | 1.7909116314007685 | 
| train | 0 | 7 | 539 | 1.7903779341114892 | 
| train | 0 | 7 | 559 | 1.7899007213967186 | 
| train | 0 | 7 | 579 | 1.7891513131815813 | 
| train | 0 | 7 | 599 | 1.789092572927475 | 
| train | 0 | 7 | 619 | 1.789266631103331 | 
| train | 0 | 7 | 639 | 1.7912955403327941 | 
| train | 0 | 7 | 659 | 1.7916098695812803 | 
| train | 0 | 7 | 679 | 1.7925604953485377 | 
| train | 0 | 7 | 699 | 1.7909359194551195 | 
| train | 0 | 7 | 719 | 1.7912607926461432 | 
| train | 0 | 7 | 739 | 1.7917105727904552 | 
| train | 0 | 7 | 759 | 1.7921555489301682 | 
| train | 0 | 7 | 779 | 1.7943231811890235 | 
| train | 0 | 7 | 799 | 1.7950300098955632 | 
| train | 0 | 7 | 819 | 1.7945453751377942 | 
| train | 0 | 7 | 839 | 1.7940849876119978 | 
| train | 0 | 7 | 859 | 1.793814114914384 | 
| train | 0 | 7 | 879 | 1.7950670323588631 | 
| train | 0 | 7 | 899 | 1.796269457075331 | 
| train | 0 | 7 | 919 | 1.7981039682160254 | 
| train | 0 | 7 | 939 | 1.7981989462324914 | 
| train | 0 | 7 | 959 | 1.7989380285143852 | 
| train | 0 | 7 | 979 | 1.7987330808931468 | 
| train | 0 | 7 | 999 | 1.7998229013681413 | 
| train | 0 | 7 | 1019 | 1.7993036502716588 | 
| train | 0 | 7 | 1039 | 1.7997128820190063 | 
| train | 0 | 7 | 1059 | 1.7994433505355187 | 
| train | 0 | 7 | 1079 | 1.7989698082208634 | 
| train | 0 | 7 | 1099 | 1.7985045915300195 | 
| train | 0 | 7 | 1119 | 1.7980182643447604 | 
| train | 0 | 7 | 1139 | 1.7978371035634426 | 
| train | 0 | 7 | 1159 | 1.7970979262014914 | 
| train | 0 | 7 | 1179 | 1.7958967360399538 | 
| train | 0 | 7 | 1199 | 1.7962381971875827 | 
| train | 0 | 7 | 1219 | 1.7952402852597784 | 
| train | 0 | 7 | 1239 | 1.7946188535421126 | 
| train | 0 | 7 | 1259 | 1.793317572559629 | 
| train | 0 | 7 | 1279 | 1.79349425137043 | 
| train | 0 | 7 | 1299 | 1.7934084897774916 | 
| train | 0 | 7 | 1319 | 1.7926668411854543 | 
| train | 0 | 7 | 1339 | 1.7925995857857946 | 
| train | 0 | 7 | 1359 | 1.7927700290785116 | 
| train | 0 | 7 | 1379 | 1.7924751958985259 | 
| train | 0 | 7 | 1399 | 1.7926569185086658 | 
| train | 0 | 7 | 1419 | 1.7925655089633565 | 
| train | 0 | 7 | 1439 | 1.7921257825361359 | 
| train | 0 | 7 | 1459 | 1.7920793466372034 | 
| train | 0 | 7 | 1479 | 1.7919205311987851 | 
| train | 0 | 7 | 1499 | 1.7923193701903026 | 
| train | 0 | 7 | --- | 1.791605390563637 | 
| val | 0 | 7 | --- | 1.829728603363037 | 
| train | 0 | 8 | 19 | 1.82060506939888 | 
| train | 0 | 8 | 39 | 1.8008406847715377 | 
| train | 0 | 8 | 59 | 1.8167257924874625 | 
| train | 0 | 8 | 79 | 1.8122642800211906 | 
| train | 0 | 8 | 99 | 1.808166880607605 | 
| train | 0 | 8 | 119 | 1.8072914361953736 | 
| train | 0 | 8 | 139 | 1.8146352512495858 | 
| train | 0 | 8 | 159 | 1.8038807332515716 | 
| train | 0 | 8 | 179 | 1.7950121515327029 | 
| train | 0 | 8 | 199 | 1.7904060333967209 | 
| train | 0 | 8 | 219 | 1.7871033468029716 | 
| train | 0 | 8 | 239 | 1.788585711022218 | 
| train | 0 | 8 | 259 | 1.7881860178250533 | 
| train | 0 | 8 | 279 | 1.785274846638952 | 
| train | 0 | 8 | 299 | 1.7842580393950145 | 
| train | 0 | 8 | 319 | 1.785269681736827 | 
| train | 0 | 8 | 339 | 1.7812070317128126 | 
| train | 0 | 8 | 359 | 1.7823433061440785 | 
| train | 0 | 8 | 379 | 1.7846719453209325 | 
| train | 0 | 8 | 399 | 1.7837307778000833 | 
| train | 0 | 8 | 419 | 1.7828691868554978 | 
| train | 0 | 8 | 439 | 1.7833285971121355 | 
| train | 0 | 8 | 459 | 1.7835917975591578 | 
| train | 0 | 8 | 479 | 1.7815886760751407 | 
| train | 0 | 8 | 499 | 1.7820606274604798 | 
| train | 0 | 8 | 519 | 1.7825216022821573 | 
| train | 0 | 8 | 539 | 1.7829515920745003 | 
| train | 0 | 8 | 559 | 1.7833416355507714 | 
| train | 0 | 8 | 579 | 1.782960005464225 | 
| train | 0 | 8 | 599 | 1.7826212284962337 | 
| train | 0 | 8 | 619 | 1.7831079832969172 | 
| train | 0 | 8 | 639 | 1.785304250754416 | 
| train | 0 | 8 | 659 | 1.7854848153663405 | 
| train | 0 | 8 | 679 | 1.7868380036424187 | 
| train | 0 | 8 | 699 | 1.7856897515910013 | 
| train | 0 | 8 | 719 | 1.7860869472225507 | 
| train | 0 | 8 | 739 | 1.7855718617503706 | 
| train | 0 | 8 | 759 | 1.786594468982596 | 
| train | 0 | 8 | 779 | 1.788683369373664 | 
| train | 0 | 8 | 799 | 1.7888652914762497 | 
| train | 0 | 8 | 819 | 1.7890941798686981 | 
| train | 0 | 8 | 839 | 1.788451709491866 | 
| train | 0 | 8 | 859 | 1.7878239188083382 | 
| train | 0 | 8 | 879 | 1.7882927313447 | 
| train | 0 | 8 | 899 | 1.7888491343127357 | 
| train | 0 | 8 | 919 | 1.7893481125002322 | 
| train | 0 | 8 | 939 | 1.789260545690009 | 
| train | 0 | 8 | 959 | 1.7898969313750663 | 
| train | 0 | 8 | 979 | 1.7897336768860719 | 
| train | 0 | 8 | 999 | 1.790153148651123 | 
| train | 0 | 8 | 1019 | 1.790173514917785 | 
| train | 0 | 8 | 1039 | 1.7912940470071939 | 
| train | 0 | 8 | 1059 | 1.791438592042563 | 
| train | 0 | 8 | 1079 | 1.7914911062629135 | 
| train | 0 | 8 | 1099 | 1.790909055146304 | 
| train | 0 | 8 | 1119 | 1.7903958091778414 | 
| train | 0 | 8 | 1139 | 1.790231025114394 | 
| train | 0 | 8 | 1159 | 1.7890934981148818 | 
| train | 0 | 8 | 1179 | 1.7884267217021876 | 
| train | 0 | 8 | 1199 | 1.7884646553794543 | 
| train | 0 | 8 | 1219 | 1.7878757873519522 | 
| train | 0 | 8 | 1239 | 1.7874895365007462 | 
| train | 0 | 8 | 1259 | 1.7858980819346413 | 
| train | 0 | 8 | 1279 | 1.7858494802378118 | 
| train | 0 | 8 | 1299 | 1.7864292021898123 | 
| train | 0 | 8 | 1319 | 1.7853960232301191 | 
| train | 0 | 8 | 1339 | 1.7855327300171353 | 
| train | 0 | 8 | 1359 | 1.7856183609541725 | 
| train | 0 | 8 | 1379 | 1.7852328081061875 | 
| train | 0 | 8 | 1399 | 1.786166353055409 | 
| train | 0 | 8 | 1419 | 1.7857746307279023 | 
| train | 0 | 8 | 1439 | 1.7856207797924677 | 
| train | 0 | 8 | 1459 | 1.7853067732837102 | 
| train | 0 | 8 | 1479 | 1.7850239213254 | 
| train | 0 | 8 | 1499 | 1.7848122831980386 | 
| train | 0 | 8 | --- | 1.784076063891874 | 
| val | 0 | 8 | --- | 1.8321164846420288 | 
| train | 0 | 9 | 19 | 1.8167136251926421 | 
| train | 0 | 9 | 39 | 1.7907436937093735 | 
| train | 0 | 9 | 59 | 1.807704746723175 | 
| train | 0 | 9 | 79 | 1.8004055485129355 | 
| train | 0 | 9 | 99 | 1.7971006524562836 | 
| train | 0 | 9 | 119 | 1.7999047408501307 | 
| train | 0 | 9 | 139 | 1.801983300277165 | 
| train | 0 | 9 | 159 | 1.7947693437337875 | 
| train | 0 | 9 | 179 | 1.788923148314158 | 
| train | 0 | 9 | 199 | 1.7848512172698974 | 
| train | 0 | 9 | 219 | 1.7854700592431154 | 
| train | 0 | 9 | 239 | 1.786371399462223 | 
| train | 0 | 9 | 259 | 1.7847345911539518 | 
| train | 0 | 9 | 279 | 1.779975238442421 | 
| train | 0 | 9 | 299 | 1.7777122302850088 | 
| train | 0 | 9 | 319 | 1.7771704968065023 | 
| train | 0 | 9 | 339 | 1.7729192078113556 | 
| train | 0 | 9 | 359 | 1.7727841155396566 | 
| train | 0 | 9 | 379 | 1.7733222362242247 | 
| train | 0 | 9 | 399 | 1.7730524724721908 | 
| train | 0 | 9 | 419 | 1.7714576465742928 | 
| train | 0 | 9 | 439 | 1.7716001304713163 | 
| train | 0 | 9 | 459 | 1.7721422680046248 | 
| train | 0 | 9 | 479 | 1.7714755865434806 | 
| train | 0 | 9 | 499 | 1.7707337374687195 | 
| train | 0 | 9 | 519 | 1.7716104530371153 | 
| train | 0 | 9 | 539 | 1.7711137663435053 | 
| train | 0 | 9 | 559 | 1.7705986510430063 | 
| train | 0 | 9 | 579 | 1.7715609645021373 | 
| train | 0 | 9 | 599 | 1.7724722971518834 | 
| train | 0 | 9 | 619 | 1.773077739438703 | 
| train | 0 | 9 | 639 | 1.7751024838536977 | 
| train | 0 | 9 | 659 | 1.7762747387091318 | 
| train | 0 | 9 | 679 | 1.77710499903735 | 
| train | 0 | 9 | 699 | 1.7760097779546464 | 
| train | 0 | 9 | 719 | 1.776491673787435 | 
| train | 0 | 9 | 739 | 1.7757846458538158 | 
| train | 0 | 9 | 759 | 1.7763381413723294 | 
| train | 0 | 9 | 779 | 1.7786790237976955 | 
| train | 0 | 9 | 799 | 1.7795640675723552 | 
| train | 0 | 9 | 819 | 1.7789024246902 | 
| train | 0 | 9 | 839 | 1.7786598617122287 | 
| train | 0 | 9 | 859 | 1.7779568907826446 | 
| train | 0 | 9 | 879 | 1.7787002178755673 | 
| train | 0 | 9 | 899 | 1.7793462782435947 | 
| train | 0 | 9 | 919 | 1.7803302733794502 | 
| train | 0 | 9 | 939 | 1.7797320079296193 | 
| train | 0 | 9 | 959 | 1.7798122875392437 | 
| train | 0 | 9 | 979 | 1.7796407200852218 | 
| train | 0 | 9 | 999 | 1.779906281232834 | 
| train | 0 | 9 | 1019 | 1.7806640460210688 | 
| train | 0 | 9 | 1039 | 1.7810394938175496 | 
| train | 0 | 9 | 1059 | 1.7808783893315296 | 
| train | 0 | 9 | 1079 | 1.7810086816549302 | 
| train | 0 | 9 | 1099 | 1.7808796362443404 | 
| train | 0 | 9 | 1119 | 1.7805881151131222 | 
| train | 0 | 9 | 1139 | 1.78052162067932 | 
| train | 0 | 9 | 1159 | 1.7796409803217854 | 
| train | 0 | 9 | 1179 | 1.778245156397254 | 
| train | 0 | 9 | 1199 | 1.7785204208890597 | 
| train | 0 | 9 | 1219 | 1.777385918527353 | 
| train | 0 | 9 | 1239 | 1.7769248905681794 | 
| train | 0 | 9 | 1259 | 1.7760601116551293 | 
| train | 0 | 9 | 1279 | 1.77663331059739 | 
| train | 0 | 9 | 1299 | 1.7767242305095379 | 
| train | 0 | 9 | 1319 | 1.7761208200996572 | 
| train | 0 | 9 | 1339 | 1.7763974305409105 | 
| train | 0 | 9 | 1359 | 1.7767340755637955 | 
| train | 0 | 9 | 1379 | 1.7765785428924836 | 
| train | 0 | 9 | 1399 | 1.7770246718611036 | 
| train | 0 | 9 | 1419 | 1.7767855032229087 | 
| train | 0 | 9 | 1439 | 1.7764184649619792 | 
| train | 0 | 9 | 1459 | 1.7763094649739462 | 
| train | 0 | 9 | 1479 | 1.7759028547518962 | 
| train | 0 | 9 | 1499 | 1.77592875234286 | 
| train | 0 | 9 | --- | 1.7752118527214182 | 
| val | 0 | 9 | --- | 1.822053074836731 | 
| train | 0 | 10 | 19 | 1.8106328248977661 | 
| train | 0 | 10 | 39 | 1.8042240381240844 | 
| train | 0 | 10 | 59 | 1.8037353694438933 | 
| train | 0 | 10 | 79 | 1.7957354873418807 | 
| train | 0 | 10 | 99 | 1.7910413420200348 | 
| train | 0 | 10 | 119 | 1.790183640519778 | 
| train | 0 | 10 | 139 | 1.7966908122811998 | 
| train | 0 | 10 | 159 | 1.7869635678827762 | 
| train | 0 | 10 | 179 | 1.7836907075511084 | 
| train | 0 | 10 | 199 | 1.7780705296993256 | 
| train | 0 | 10 | 219 | 1.7754633665084838 | 
| train | 0 | 10 | 239 | 1.7797303289175033 | 
| train | 0 | 10 | 259 | 1.776409696157162 | 
| train | 0 | 10 | 279 | 1.7718765795230866 | 
| train | 0 | 10 | 299 | 1.7699743584791818 | 
| train | 0 | 10 | 319 | 1.769614777714014 | 
| train | 0 | 10 | 339 | 1.7659679539063398 | 
| train | 0 | 10 | 359 | 1.7667538851499558 | 
| train | 0 | 10 | 379 | 1.7667016205034758 | 
| train | 0 | 10 | 399 | 1.7637696874141693 | 
| train | 0 | 10 | 419 | 1.763885965517589 | 
| train | 0 | 10 | 439 | 1.7650398086417804 | 
| train | 0 | 10 | 459 | 1.7651860418527023 | 
| train | 0 | 10 | 479 | 1.7656000639001528 | 
| train | 0 | 10 | 499 | 1.7655670914649964 | 
| train | 0 | 10 | 519 | 1.7662626708929354 | 
| train | 0 | 10 | 539 | 1.7674207106784539 | 
| train | 0 | 10 | 559 | 1.7682780612792288 | 
| train | 0 | 10 | 579 | 1.7676459550857544 | 
| train | 0 | 10 | 599 | 1.7677658957242965 | 
| train | 0 | 10 | 619 | 1.7690768701414907 | 
| train | 0 | 10 | 639 | 1.7712667781859637 | 
| train | 0 | 10 | 659 | 1.772510912924102 | 
| train | 0 | 10 | 679 | 1.7736722825204625 | 
| train | 0 | 10 | 699 | 1.7726993245737894 | 
| train | 0 | 10 | 719 | 1.7728404073251618 | 
| train | 0 | 10 | 739 | 1.7722045212178617 | 
| train | 0 | 10 | 759 | 1.7725922382191608 | 
| train | 0 | 10 | 779 | 1.7745873084435095 | 
| train | 0 | 10 | 799 | 1.7759665888547898 | 
| train | 0 | 10 | 819 | 1.776014353007805 | 
| train | 0 | 10 | 839 | 1.7758684869323458 | 
| train | 0 | 10 | 859 | 1.7752223271270131 | 
| train | 0 | 10 | 879 | 1.7759837659922513 | 
| train | 0 | 10 | 899 | 1.7767971320947011 | 
| train | 0 | 10 | 919 | 1.7773539514645287 | 
| train | 0 | 10 | 939 | 1.7771533227981404 | 
| train | 0 | 10 | 959 | 1.7772506510217985 | 
| train | 0 | 10 | 979 | 1.7774757409582334 | 
| train | 0 | 10 | 999 | 1.7781768293380738 | 
| train | 0 | 10 | 1019 | 1.7787788490454355 | 
| train | 0 | 10 | 1039 | 1.7791572763369634 | 
| train | 0 | 10 | 1059 | 1.7783205037971712 | 
| train | 0 | 10 | 1079 | 1.778380674344522 | 
| train | 0 | 10 | 1099 | 1.7781790660728107 | 
| train | 0 | 10 | 1119 | 1.7780636340379714 | 
| train | 0 | 10 | 1139 | 1.7776211706169864 | 
| train | 0 | 10 | 1159 | 1.7772106747175085 | 
| train | 0 | 10 | 1179 | 1.7766372900898173 | 
| train | 0 | 10 | 1199 | 1.7771835150321325 | 
| train | 0 | 10 | 1219 | 1.7765362708294978 | 
| train | 0 | 10 | 1239 | 1.7760214002863053 | 
| train | 0 | 10 | 1259 | 1.775228613804257 | 
| train | 0 | 10 | 1279 | 1.775422229245305 | 
| train | 0 | 10 | 1299 | 1.7754589385252733 | 
| train | 0 | 10 | 1319 | 1.774487441868493 | 
| train | 0 | 10 | 1339 | 1.774727566740406 | 
| train | 0 | 10 | 1359 | 1.7747437825097758 | 
| train | 0 | 10 | 1379 | 1.7747133692105612 | 
| train | 0 | 10 | 1399 | 1.7747771824257714 | 
| train | 0 | 10 | 1419 | 1.77474664961788 | 
| train | 0 | 10 | 1439 | 1.7744788297348553 | 
| train | 0 | 10 | 1459 | 1.7746540162661304 | 
| train | 0 | 10 | 1479 | 1.7745227649405195 | 
| train | 0 | 10 | 1499 | 1.7747518804073334 | 
| train | 0 | 10 | --- | 1.7739974614543013 | 
| val | 0 | 10 | --- | 1.8245888948440552 | 
